0 0.00031978704894863874
4.9999999999999996e-06 0.00030591194344098405
9.999999999999999e-06 0.00030269624811918305
1.4999999999999999e-05 0.00030195097907759205
1.9999999999999998e-05 0.00030177825567934136
2.4999999999999998e-05 0.00030173822534251826
2.9999999999999997e-05 0.00030172894792102056
3.5e-05 0.0003017267977876159
3.9999999999999996e-05 0.0003017262994733372
4.4999999999999996e-05 0.000342887516179724
4.9999999999999996e-05 0.003658235391530207
5.4999999999999995e-05 0.04923963137569953
5.9999999999999995e-05 0.2093488557770573
6.5e-05 0.68874706379379
7e-05 1.2294229301981492
7.5e-05 1.59589405466788
7.999999999999999e-05 1.8016037959573512
8.499999999999999e-05 1.9042634755832946
8.999999999999999e-05 1.9541832591482646
9.499999999999999e-05 1.978159969140264
9.999999999999999e-05 1.9896088264621616
0.00010499999999999999 1.9950604530205354
0.00010999999999999999 1.9976529364938755
0.00011499999999999999 1.998885000193846
0.00011999999999999999 1.9994703572396428
0.000125 1.9997484226837494
0.00013000000000000002 1.9998805047862283
0.00013500000000000003 1.999943242262896
0.00014000000000000004 1.999973041389073
0.00014500000000000006 1.9999871953137498
0.00015000000000000007 1.999993918091343
0.00015500000000000008 1.9999971112456163
0.0001600000000000001 1.9999986279143136
0.0001650000000000001 1.999999348293098
0.00017000000000000012 1.9999996904548059
0.00017500000000000013 1.999999852973159
0.00018000000000000015 1.9999999301654745
0.00018500000000000016 1.9999999668300756
0.00019000000000000017 1.999999984244971
0.00019500000000000019 1.9999999924420735
0.0002000000000000002 1.5228902823501635
0.0002050000000000002 0.4510840705091639
0.00021000000000000023 0.11061913442365334
0.00021500000000000024 0.02619208552655561
0.00022000000000000025 0.006319851230378815
0.00022500000000000026 0.0016975018705733813
0.00023000000000000028 0.0006252658519785292
0.0002350000000000003 0.00037669922068639394
0.0002400000000000003 0.00031908476115916073
0.0002450000000000003 0.00030573094548702606
0.00025000000000000033 0.00030263583729395194
0.00025500000000000034 0.0003019184635180139
0.00026000000000000036 0.00030175219310657475
0.00026500000000000037 0.0003017136555298894
0.0002700000000000004 0.00030170472342461174
0.0002750000000000004 0.00030170265317286393
0.0002800000000000004 0.00030170217333669314
0.0002850000000000004 0.00030170206212210005
0.00029000000000000044 0.000301702036345608
0.00029500000000000045 0.0003017020303710538
0.00030000000000000046 0.00030170202898638365
0.0003050000000000005 0.00030170202866530715
0.0003100000000000005 0.00030170202859070017
0.0003150000000000005 0.0003017020285733807
0.0003200000000000005 0.0003017020285693839
0.00032500000000000053 0.00030170202856871775
0.00033000000000000054 0.0003017020285684957
0.00033500000000000055 0.0003017020285684957
0.00034000000000000057 0.0003017020285684957
0.0003450000000000006 0.0003017020285684957
0.0003500000000000006 0.0003017020285684957
0.0003550000000000006 0.0003017020285680516
0.0003600000000000006 0.0003017020285680516
0.00036500000000000063 0.0003017020285684957
0.00037000000000000065 0.0003017020287199301
0.00037500000000000066 0.00030170202904256094
0.00038000000000000067 0.00030170202922286116
0.0003850000000000007 0.0003017017619906248
0.0003900000000000007 0.0003017018469486654
0.0003950000000000007 0.0003017019549951261
0.0004000000000000007 0.0003017020042195284
0.00040500000000000074 0.00030170202123369627
0.00041000000000000075 0.0003017020264766135
0.00041500000000000076 0.00030170202799273405
0.0004200000000000008 0.00030170202841350857
0.0004250000000000008 0.0003017020285276395
0.0004300000000000008 0.0003017020285573935
0.0004350000000000008 0.0003017020285653871
0.00044000000000000083 0.00030170202856760753
0.00044500000000000084 0.0003017020285680516
0.00045000000000000086 0.00030170202856782957
0.00045500000000000087 0.00030170202856782957
0.0004600000000000009 0.0003017020285680516
0.0004650000000000009 0.0003017020285680516
0.0004700000000000009 0.0003017020285680516
0.0004750000000000009 0.0003017020285680516
0.00048000000000000093 0.00030170202856782957
0.00048500000000000095 0.0003017020285680516
0.000490000000000001 0.00030170202856782957
0.000495000000000001 0.00030170202856782957
0.000500000000000001 0.0003017020285680516
0.000505000000000001 0.0003017020285680516
0.000510000000000001 0.0003017020285680516
0.000515000000000001 0.0003017020285680516
0.000520000000000001 0.0003017020285680516
0.000525000000000001 0.0003017020285680516
0.0005300000000000011 0.0003017020285680516
0.0005350000000000011 0.0003017020285684957
0.0005400000000000011 0.0003017020285680516
0.0005450000000000011 0.0003017020285680516
0.0005500000000000011 0.0003017020285680516
0.0005550000000000011 0.0003017020285680516
0.0005600000000000011 0.0003017020285680516
0.0005650000000000012 0.00030170202809132185
0.0005700000000000012 0.00030170199177970147
0.0005750000000000012 0.00030170155107955843
0.0005800000000000012 0.00030170015247654725
0.0005850000000000012 0.0002848887670665601
0.0005900000000000012 0.00022329759314332343
0.0005950000000000012 0.00018454309694004856
0.0006000000000000012 0.00016602771163043428
0.0006050000000000013 0.0001609314657140537
0.0006100000000000013 0.00017645077313210855
0.0006150000000000013 0.0002457205226571446
0.0006200000000000013 0.00029046388165565595
0.0006250000000000013 0.00029994039331171507
0.0006300000000000013 0.0003016869659198118
0.0006350000000000013 0.00030187574226259173
0.0006400000000000014 0.00030181671840701085
0.0006450000000000014 0.000301754224357742
0.0006500000000000014 0.00030171655943855846
0.0006550000000000014 0.00030169682108649454
0.0006600000000000014 0.0003016870177923181
0.0006650000000000014 0.0003016822623225224
0.0006700000000000014 0.00030167998061747525
0.0006750000000000014 0.00030167889153664973
0.0006800000000000015 0.0003016783730125372
0.0006850000000000015 0.00030167812643822067
0.0006900000000000015 0.0003016780092535143
0.0006950000000000015 0.00030167795357716187
0.0007000000000000015 0.00030167792712876285
0.0007050000000000015 0.00030167791456525705
0.0007100000000000015 0.0003016779085978083
0.0007150000000000016 0.00030167790576318687
0.0007200000000000016 0.0003016779044171525
0.0007250000000000016 0.00030167790377744197
0.0007300000000000016 0.0003016779034734629
0.0007350000000000016 0.000301677903329578
0.0007400000000000016 0.0003016779032609662
0.0007450000000000016 0.0003016779032281036
0.0007500000000000016 0.00030167790321278254
0.0007550000000000017 0.00030167790320545507
0.0007600000000000017 0.00030167790320190235
0.0007650000000000017 0.00030167790320079213
0.0007700000000000017 0.00030247542500916325
0.0007750000000000017 0.00031309310319871386
0.0007800000000000017 0.00035313681506066175
0.0007850000000000017 0.0816078758763561
0.0007900000000000017 0.7510494275586574
0.0007950000000000018 1.3273605130772146
0.0008000000000000018 1.6613697989491665
0.0008050000000000018 1.834653493459398
0.0008100000000000018 1.9204246051568943
0.0008150000000000018 1.9619663454421785
0.0008200000000000018 1.9818811221263892
0.0008250000000000018 1.9913818078744163
0.0008300000000000019 1.995903825313272
0.0008350000000000019 1.9980537992074756
0.0008400000000000019 1.9990754635768127
0.0008450000000000019 1.999560836914222
0.0008500000000000019 1.9997914014881055
0.0008550000000000019 1.9999009193647626
0.0008600000000000019 1.9999529388372528
0.0008650000000000019 1.9999776470542592
0.000870000000000002 1.9999893828968023
0.000875000000000002 1.999994957139942
0.000880000000000002 1.9999976047678876
0.000885000000000002 1.999998862325025
0.000890000000000002 1.9999994596330706
0.000895000000000002 1.9999997433393444
0.000900000000000002 1.999999878092668
0.000905000000000002 1.9999999420970953
0.0009100000000000021 1.9999999724975823
0.0009150000000000021 1.999999986937046
0.0009200000000000021 1.9999999937954267
0.0009250000000000021 1.9999999970529843
0.0009300000000000021 1.9999999986002417
0.0009350000000000021 1.99999999933515
0.0009400000000000021 1.9999999996842128
0.0009450000000000022 1.999999999850009
0.0009500000000000022 1.9999999999287579
0.0009550000000000022 1.9999999999661617
0.0009600000000000022 1.9999999999839275
0.0009650000000000022 1.9999999999923659
0.0009700000000000022 1.9999999999963738
0.0009750000000000022 1.9999999999982776
0.0009800000000000021 1.9999999999991818
0.0009850000000000021 1.9999999999996112
0.0009900000000000022 1.9999999999998153
0.0009950000000000028 1.9811068982445184
0.0010000000000000035 0.8187650515807321
0.0010050000000000042 0.0634813429903962
0.0010100000000000048 0.003978966014494878
0.0010150000000000055 0.0005119270726592351
0.0010200000000000061 0.0003137079653916519
0.0010295000000000068 0.0003019136026569669
0.0010345000000000068 0.00030175106415275543
0.0010395000000000068 0.00030171339332740743
0.0010445000000000068 0.00030170466252799066
0.0010495000000000068 0.00030170263902928873
0.0010545000000000068 0.0003017021700524314
0.0010595000000000068 0.00030170206135959887
0.0010645000000000068 0.00030170203616819435
0.0010695000000000069 0.00030170203032953147
0.0010745000000000069 0.0003017020289761696
0.0010795000000000069 0.0003017020286630867
0.001084500000000007 0.0003017020285904781
0.001089500000000007 0.0003017020285738248
0.001094500000000007 0.00030170202856960593
0.001099500000000007 0.0003017020285684957
0.001104500000000007 0.0003017020285684957
0.001109500000000007 0.0003017020285680516
0.001114500000000007 0.0003017020285680516
0.001119500000000007 0.0003017020285680516
0.001124500000000007 0.0003017020285684957
0.001129500000000007 0.0003017020285684957
0.001134500000000007 0.0003017020285684957
0.001139500000000007 0.0003017020285680516
0.001144500000000007 0.0003017020285684957
0.001149500000000007 0.0003017020285680516
0.001154500000000007 0.0003017020285684957
0.001159500000000007 0.0003017020285680516
0.0011645000000000071 0.0003017020285684957
0.0011695000000000071 0.0003017020286850691
0.0011745000000000071 0.0003017020290099204
0.0011795000000000071 0.0003017020292186423
0.0011845000000000072 0.0003017018033424357
0.0011895000000000072 0.0003017018499278379
0.0011945000000000072 0.00030170195284440204
0.0011995000000000072 0.00030170200292345406
0.0012045000000000072 0.00030170202074830677
0.0012095000000000072 0.00030170202632073817
0.0012145000000000072 0.0003017020279467708
0.0012195000000000073 0.00030170202840063
0.0012245000000000073 0.00030170202852342065
0.0012295000000000073 0.00030170202855672734
0.0012345000000000073 0.000301702028564943
0.0012395000000000073 0.00030170202856716344
0.0012445000000000073 0.00030170202856782957
0.0012495000000000073 0.0003017020285680516
0.0012545000000000073 0.0003017020285680516
0.0012595000000000074 0.00030170202856782957
0.0012645000000000074 0.00030170202856782957
0.0012695000000000074 0.00030170202856782957
0.0012745000000000074 0.00030170202856782957
0.0012795000000000074 0.00030170202856782957
0.0012845000000000074 0.0003017020285680516
0.0012895000000000074 0.0003017020285680516
0.0012945000000000075 0.0003017020285680516
0.0012995000000000075 0.0003017020285680516
0.0013045000000000075 0.0003017020285680516
0.0013095000000000075 0.0003017020285680516
0.0013145000000000075 0.0003017020285680516
0.0013195000000000075 0.00030170202856782957
0.0013245000000000075 0.0003017020285680516
0.0013295000000000075 0.0003017020285680516
0.0013345000000000076 0.0003017020285680516
0.0013395000000000076 0.0003017020285680516
0.0013445000000000076 0.0003017020285680516
0.0013495000000000076 0.00030170202856782957
0.0013545000000000076 0.00030170202856760753
0.0013595000000000076 0.00030170202856782957
0.0013645000000000076 0.00030170202814461256
0.0013695000000000076 0.00030170200529244795
0.0013745000000000077 0.0003017016257971239
0.0013795000000000077 0.000301700365266111
0.0013845000000000077 0.00029274519002764343
0.0013895000000000077 0.00022936049011557103
0.0013945000000000077 0.00018755801457981391
0.0013995000000000077 0.00016738433032026379
0.0014045000000000077 0.00016087376505447004
0.0014095000000000078 0.00017227675778364038
0.0014145000000000078 0.00023718968581776245
0.0014195000000000078 0.00028862206758728526
0.0014245000000000078 0.0002995848435747295
0.0014295000000000078 0.00030163912296954365
0.0014345000000000078 0.00030188112449902604
0.0014395000000000078 0.00030182579032156376
0.0014445000000000078 0.000301760042478616
0.0014495000000000079 0.00030171967236114483
0.0014545000000000079 0.0003016983805603779
0.0014595000000000079 0.000301687777239934
0.001464500000000008 0.0003016826273813944
0.001469500000000008 0.0003016801550179693
0.001474500000000008 0.0003016789746059789
0.001479500000000008 0.00030167841252293215
0.001484500000000008 0.000301678145216977
0.001489500000000008 0.0003016780181761547
0.001494500000000008 0.00030167795781643747
0.001499500000000008 0.0003016779291427074
0.001504500000000008 0.0003016779155218252
0.001509500000000008 0.00030167790905211156
0.001514500000000008 0.0003016779059790142
0.001519500000000008 0.00030167790451951504
0.001524500000000008 0.00030167790382606974
0.001529500000000008 0.0003016779034967776
0.001534500000000008 0.0003016779033404582
0.001539500000000008 0.00030167790326607324
0.001544500000000008 0.00030167790323076815
0.0015495000000000081 0.00030167790321389276
0.0015545000000000081 0.0003016779032061212
0.0015595000000000081 0.00030167790320234644
0.0015645000000000082 0.0003016779032005701
0.0015695000000000082 0.0003021239628151484
0.0015745000000000082 0.0003111905453787589
0.0015795000000000082 0.00034641790082945434
0.0015845000000000082 0.05583188502697145
0.0015895000000000082 0.684030608023747
0.0015945000000000082 1.2838698152177346
0.0015995000000000083 1.6379006972453376
0.0016045000000000083 1.8228349249928812
0.0016095000000000083 1.914654531510617
0.0016145000000000083 1.9591897698243004
0.0016195000000000083 1.9805541409006333
0.0016245000000000083 1.990749672516204
0.0016295000000000083 1.9956031584637075
0.0016345000000000083 1.9979108955295182
0.0016395000000000084 1.9990075665877485
0.0016445000000000084 1.9995285827416989
0.0016495000000000084 1.9997760804838252
0.0016545000000000084 1.9998936420294384
0.0016595000000000084 1.999949482231438
0.0016645000000000084 1.9999760052413118
0.0016695000000000084 1.9999886030743002
0.0016745000000000084 1.9999945867433127
0.0016795000000000085 1.9999974288386995
0.0016845000000000085 1.9999987787630715
0.0016895000000000085 1.9999994199432456
0.0016945000000000085 1.9999997244876784
0.0016995000000000085 1.9999998691386023
0.0017045000000000085 1.9999999378441402
0.0017095000000000085 1.999999970477536
0.0017145000000000086 1.999999985977575
0.0017195000000000086 1.9999999933397021
0.0017245000000000086 1.9999999968365265
0.0017295000000000086 1.99999999849743
0.0017345000000000086 1.999999999286317
0.0017395000000000086 1.9999999996610185
0.0017445000000000086 1.9999999998389921
0.0017495000000000086 1.9999999999235252
0.0017545000000000087 1.9999999999636762
0.0017595000000000087 1.999999999982747
0.0017645000000000087 1.9999999999918052
0.0017695000000000087 1.9999999999961076
0.0017745000000000087 1.999999999998151
0.0017795000000000087 1.9999999999991216
0.0017845000000000087 1.9999999999995826
0.0017895000000000087 1.9999999999998017
0.0017945000000000088 1.9999999999999047
0.0017995000000000088 1.6953826661623845
0.0018045000000000088 0.5262357266185811
0.0018095000000000088 0.1302828954479207
0.0018145000000000088 0.030875265035075206
0.0018195000000000088 0.007412111007266242
0.0018245000000000088 0.0019510281341050817
0.0018295000000000089 0.0006840468503381825
0.0018345000000000089 0.00039032430069130264
0.0018395000000000089 0.0003222427837357156
0.001844500000000009 0.00030646290218205863
0.001849500000000009 0.0003028054874052444
0.001854500000000009 0.00030195778433972364
0.001859500000000009 0.0003017613067273217
0.001864500000000009 0.0003017157678479876
0.001869500000000009 0.0003017052130094289
0.001874500000000009 0.0003017027666467609
0.001879500000000009 0.0003017021996378766
0.001884500000000009 0.0003017020682183347
0.001889500000000009 0.0003017020377580337
0.001894500000000009 0.0003017020306985696
0.001899500000000009 0.0003017020290623229
0.001904500000000009 0.0003017020286830707
0.001909500000000009 0.000301702028594919
0.001914500000000009 0.0003017020285744909
0.001919500000000009 0.00030170202856960593
0.001924500000000009 0.00030170202856871775
0.0019295000000000091 0.0003017020285684957
0.0019345000000000091 0.0003017020285684957
0.0019395000000000091 0.0003017020285680516
0.0019445000000000092 0.0003017020285680516
0.0019495000000000092 0.0003017020285684957
0.001954500000000009 0.0003017020285680516
0.001959500000000009 0.0003017020285684957
0.0019645000000000088 0.00030170202856871775
0.0019695000000000086 0.00030170202868529117
0.0019745000000000084 0.0003017020290099204
0.001979500000000008 0.00030170202921842026
0.001984500000000008 0.0003017018033424357
0.0019895000000000078 0.0003017018499278379
0.0019945000000000076 0.00030170195284440204
0.0019995000000000073 0.00030170200292345406
0.002004500000000007 0.00030170202074830677
0.002009500000000007 0.00030170202632073817
0.0020145000000000067 0.0003017020279467708
0.0020195000000000065 0.00030170202840063
0.0020245000000000063 0.00030170202852342065
0.002029500000000006 0.0003017020285565053
0.002034500000000006 0.0003017020285653871
0.0020395000000000057 0.00030170202856760753
0.0020445000000000055 0.0003017020285680516
0.0020495000000000053 0.0003017020285680516
0.002054500000000005 0.00030170202856782957
0.002059500000000005 0.00030170202856782957
0.0020645000000000047 0.0003017020285680516
0.0020695000000000045 0.00030170202856782957
0.0020745000000000043 0.0003017020285684957
0.002079500000000004 0.0003017020285680516
0.002084500000000004 0.0003017020285680516
0.0020895000000000037 0.0003017020285680516
0.0020945000000000035 0.0003017020285680516
0.0020995000000000033 0.0003017020285680516
0.002104500000000003 0.0003017020285680516
0.002109500000000003 0.0003017020285680516
0.0021145000000000027 0.0003017020285680516
0.0021195000000000025 0.0003017020285680516
0.0021245000000000023 0.0003017020285680516
0.002129500000000002 0.0003017020285680516
0.002134500000000002 0.0003017020285680516
0.0021395000000000016 0.0003017020285684957
0.0021445000000000014 0.0003017020285680516
0.0021495000000000012 0.00030170202856782957
0.002154500000000001 0.00030170202856782957
0.002159500000000001 0.0003017020285680516
0.0021645000000000006 0.00030170202814461256
0.0021695000000000004 0.00030170200529267
0.0021745000000000002 0.0003017016257971239
0.0021795 0.0003017003652665551
0.0021845 0.0002927451900274214
0.0021894999999999996 0.00022936049011579307
0.0021944999999999994 0.00018755801457936983
0.002199499999999999 0.00016738433032026379
0.002204499999999999 0.00016087376505558026
0.002209499999999999 0.0001722767577831963
0.0022144999999999986 0.00023718968581776245
0.0022194999999999984 0.00028862206758728526
0.002224499999999998 0.0002995848435747295
0.002229499999999998 0.0003016391229697657
0.0022344999999999978 0.00030188112449902604
0.0022394999999999976 0.00030182579032111967
0.0022444999999999974 0.0003017600424781719
0.002249499999999997 0.00030171967236114483
0.002254499999999997 0.0003016983805603779
0.0022594999999999968 0.000301687777239934
0.0022644999999999966 0.0003016826273813944
0.0022694999999999963 0.0003016801550179693
0.002274499999999996 0.000301678974606423
0.002279499999999996 0.00030167841252337624
0.0022844999999999957 0.000301678145216977
0.0022894999999999955 0.00030167801817637674
0.0022944999999999953 0.0003016779578166595
0.002299499999999995 0.0003016779291427074
0.002304499999999995 0.0003016779155218252
0.0023094999999999947 0.00030167790905211156
0.0023144999999999945 0.0003016779059790142
0.0023194999999999943 0.00030167790451951504
0.002324499999999994 0.00030167790382606974
0.002329499999999994 0.0003016779034967776
0.0023344999999999937 0.0003016779033404582
0.0023394999999999935 0.0003016779032662953
0.0023444999999999933 0.00030167790323076815
0.002349499999999993 0.00030167790321389276
0.002354499999999993 0.0003016779032061212
0.0023594999999999927 0.0003016779032025685
0.0023644999999999925 0.0003016779032005701
0.0023694999999999923 0.00030212396281537046
0.002374499999999992 0.0003111905453783148
0.002379499999999992 0.0003464179008296764
0.0023844999999999917 0.05583188502624359
0.0023894999999999915 0.6840306080216851
0.0023944999999999913 1.2838698152163737
0.002399499999999991 1.6379006972445995
0.002404499999999991 1.8228349249925087
0.0024094999999999906 1.9146545315104349
0.0024144999999999904 1.9591897698242127
0.0024194999999999902 1.9805541409005913
0.00242449999999999 1.9907496988758815
0.00242949999999999 1.9956031696738905
0.0024344999999999896 1.997910900857724
0.0024394999999999894 1.9990075691193359
0.002444499999999989 1.9995285839444987
0.002449499999999989 1.999776081055158
0.002454499999999989 1.9998936423008167
0.0024594999999999886 1.9999494823603379
0.0024644999999999884 1.9999760053025366
0.002469499999999988 1.9999886031033802
0.002474499999999988 1.999994586757125
0.002479499999999988 1.99999742884526
0.0024844999999999876 1.9999987787661877
0.0024894999999999874 1.9999994199447257
0.002494499999999987 1.9999997244883814
0.002499499999999987 1.9999998691389362
0.0025044999999999868 1.9999999378442987
0.0025094999999999866 1.9999999704776115
0.0025144999999999864 1.9999999859776108
0.002519499999999986 1.9999999933397192
0.002524499999999986 1.9999999968365347
0.0025294999999999858 1.9999999984974337
0.0025344999999999855 1.9999999992863189
0.0025394999999999853 1.9999999996610194
0.002544499999999985 1.9999999998389926
0.002549499999999985 1.9999999999235254
0.0025544999999999847 1.9999999999636764
0.0025594999999999845 1.9999999999827471
0.0025644999999999843 1.9999999999918052
0.002569499999999984 1.9999999999961076
0.002574499999999984 1.999999999998151
0.0025794999999999837 1.9999999999991216
0.0025844999999999835 1.9999999999995826
0.0025894999999999833 1.9999999999998017
0.002594499999999983 1.9999999999999047
0.002599499999999983 1.6953826661703686
0.0026044999999999827 0.5262357266224884
0.0026094999999999825 0.13028289544895988
0.0026144999999999823 0.03087526503532345
0.002619499999999982 0.007412111007323974
0.002624499999999982 0.0019510281341184044
0.0026294999999999817 0.000684046850341069
0.0026344999999999815 0.0003903243006915247
0.0026394999999999813 0.0003222427837359376
0.002644499999999981 0.00030646290218228067
0.002649499999999981 0.00030280548740568847
0.0026544999999999807 0.00030195778434016773
0.0026594999999999805 0.00030176130672754375
0.0026644999999999803 0.0003017157678479876
0.00266949999999998 0.0003017052130094289
0.00267449999999998 0.0003017027666469829
0.0026794999999999796 0.00030170219963765454
0.0026844999999999794 0.00030170206821811263
0.0026894999999999792 0.00030170203775825577
0.002694499999999979 0.00030170203069879165
0.002699499999999979 0.00030170202906210086
0.0027044999999999786 0.0003017020286828487
0.0027094999999999784 0.00030170202859514106
0.002714499999999978 0.00030170202857471295
0.002719499999999978 0.00030170202856960593
0.002724499999999978 0.0003017020285684957
0.0027294999999999776 0.0003017020285684957
0.0027344999999999774 0.0003017020285684957
0.002739499999999977 0.0003017020285680516
0.002744499999999977 0.0003017020285684957
0.002749499999999977 0.0003017020285680516
0.0027544999999999766 0.0003017020285680516
0.0027594999999999764 0.0003017020285680516
0.002764499999999976 0.0003017020285680516
0.002769499999999976 0.00030170202868529117
0.0027744999999999758 0.0003017020290099204
0.0027794999999999756 0.0003017020292190864
0.0027844999999999754 0.00030170180334287977
0.002789499999999975 0.00030170184992805993
0.002794499999999975 0.00030170195284395795
0.0027994999999999748 0.000301702002923232
0.0028044999999999745 0.00030170202074830677
0.0028094999999999743 0.00030170202632073817
0.002814499999999974 0.00030170202794654877
0.002819499999999974 0.00030170202840063
0.0028244999999999737 0.00030170202852342065
0.0028294999999999735 0.0003017020285565053
0.0028344999999999733 0.000301702028564943
0.002839499999999973 0.00030170202856760753
0.002844499999999973 0.00030170202856782957
0.0028494999999999727 0.00030170202856782957
0.0028544999999999725 0.0003017020285680516
0.0028594999999999723 0.0003017020285680516
0.002864499999999972 0.0003017020285680516
0.002869499999999972 0.0003017020285680516
0.0028744999999999717 0.0003017020285680516
0.0028794999999999715 0.00030170202856782957
0.0028844999999999713 0.0003017020285680516
0.002889499999999971 0.0003017020285680516
0.002894499999999971 0.0003017020285680516
0.0028994999999999707 0.0003017020285680516
0.0029044999999999705 0.0003017020285680516
0.0029094999999999703 0.0003017020285680516
0.00291449999999997 0.0003017020285680516
0.00291949999999997 0.0003017020285680516
0.0029244999999999697 0.0003017020285680516
0.0029294999999999695 0.0003017020285680516
0.0029344999999999693 0.0003017020285680516
0.002939499999999969 0.0003017020285680516
0.002944499999999969 0.0003017020285680516
0.0029494999999999686 0.0003017020285680516
0.0029544999999999684 0.00030170202856782957
0.0029594999999999682 0.0003017020285680516
0.002964499999999968 0.00030170202814461256
0.002969499999999968 0.00030170200529267
0.0029744999999999676 0.00030170162579779003
0.0029794999999999674 0.000301700365266111
0.002984499999999967 0.0002927451900278655
0.002989499999999967 0.00022936049011601511
0.002994499999999967 0.00018755801458003596
0.0029994999999999666 0.00016738433032026379
0.0030044999999999664 0.00016087376505491413
0.003009499999999966 0.00017227675778253015
0.003014499999999966 0.00023718968581687427
0.003019499999999966 0.00028862206758728526
0.0030244999999999656 0.0002995848435747295
0.0030294999999999654 0.00030163912296954365
0.003034499999999965 0.00030188112449902604
0.003039499999999965 0.00030182579032111967
0.0030444999999999648 0.00030176004247883803
0.0030494999999999646 0.00030171967236114483
0.0030544999999999644 0.0003016983805603779
0.003059499999999964 0.000301687777239934
0.003064499999999964 0.0003016826273813944
0.0030694999999999638 0.00030168015501774725
0.0030744999999999635 0.0003016789746059789
0.0030794999999999633 0.00030167841252293215
0.003084499999999963 0.000301678145216977
0.003089499999999963 0.0003016780181761547
0.0030944999999999627 0.00030167795781643747
0.0030994999999999625 0.0003016779291427074
0.0031044999999999623 0.0003016779155218252
0.003109499999999962 0.00030167790905211156
0.003114499999999962 0.0003016779059790142
0.0031194999999999617 0.00030167790451951504
0.0031244999999999615 0.00030167790382606974
0.0031294999999999613 0.0003016779034967776
0.003134499999999961 0.0003016779033404582
0.003139499999999961 0.0003016779032662953
0.0031444999999999607 0.00030167790323076815
0.0031494999999999605 0.00030167790321389276
0.0031544999999999603 0.0003016779032061212
0.00315949999999996 0.0003016779032025685
0.00316449999999996 0.0003016779032005701
0.0031694999999999597 0.0003021239628151484
0.0031744999999999595 0.00031119054537853685
0.0031794999999999593 0.0003464179008296764
0.003184499999999959 0.055831885024798966
0.003189499999999959 0.6840306080175778
0.0031944999999999587 1.2838698152136638
0.0031994999999999585 1.6379006972431296
0.0032044999999999582 1.822834924991767
0.003209499999999958 1.9146545315100723
0.003214499999999958 1.9591897698240381
0.0032194999999999576 1.980554140900508
0.0032244999999999574 1.9907496988758417
0.0032294999999999572 1.9956031696738716
0.003234499999999957 1.9979109007904066
0.003239499999999957 1.9990075690907707
0.0032444999999999566 1.999528583930929
0.0032494999999999564 1.9997760810487122
0.003254499999999956 1.999893642297755
0.003259499999999956 1.9999494823588837
0.003264499999999956 1.9999760053018458
0.0032694999999999556 1.9999886031030523
0.0032744999999999554 1.9999945867569693
0.003279499999999955 1.999997428845186
0.003284499999999955 1.9999987787661524
0.003289499999999955 1.999999419944709
0.0032944999999999546 1.9999997244883734
0.0032994999999999544 1.9999998691389325
0.003304499999999954 1.999999937844297
0.003309499999999954 1.9999999704776106
0.0033144999999999538 1.9999999859776103
0.0033194999999999536 1.999999993339719
0.0033244999999999534 1.9999999968365345
0.003329499999999953 1.9999999984974337
0.003334499999999953 1.9999999992863189
0.0033394999999999527 1.9999999996610194
0.0033444999999999525 1.9999999998389926
0.0033494999999999523 1.9999999999235254
0.003354499999999952 1.9999999999636764
0.003359499999999952 1.9999999999827471
0.0033644999999999517 1.9999999999918052
0.0033694999999999515 1.9999999999961076
0.0033744999999999513 1.999999999998151
0.003379499999999951 1.9999999999991216
0.003384499999999951 1.9999999999995826
0.0033894999999999507 1.9999999999998017
0.0033944999999999505 1.9999999999999047
0.0033994999999999503 1.6953826661805271
0.00340449999999995 0.5262357266274602
0.00340949999999995 0.1302828954502826
0.0034144999999999497 0.030875265035639865
0.0034194999999999495 0.007412111007397915
0.0034244999999999493 0.0019510281341352798
0.003429499999999949 0.0006840468503450658
0.003434499999999949 0.000390324300693079
0.0034394999999999487 0.0003222427837359376
0.0034444999999999485 0.00030646290218205863
0.0034494999999999483 0.0003028054874052444
0.003454499999999948 0.00030195778434016773
0.003459499999999948 0.00030176130672754375
0.0034644999999999477 0.0003017157678479876
0.0034694999999999475 0.0003017052130094289
0.0034744999999999472 0.0003017027666469829
0.003479499999999947 0.00030170219963765454
0.003484499999999947 0.0003017020682183347
0.0034894999999999466 0.00030170203775869986
0.0034944999999999464 0.00030170203069879165
0.0034994999999999462 0.00030170202906210086
0.003504499999999946 0.0003017020286824046
0.003509499999999946 0.00030170202859514106
0.0035144999999999456 0.00030170202857471295
0.0035194999999999454 0.00030170202857005
0.003524499999999945 0.00030170202856871775
0.003529499999999945 0.0003017020285684957
0.003534499999999945 0.0003017020285684957
0.0035394999999999446 0.00030170202856871775
0.0035444999999999444 0.0003017020285680516
0.003549499999999944 0.0003017020285680516
0.003554499999999944 0.0003017020285684957
0.003559499999999944 0.0003017020285684957
0.0035644999999999436 0.0003017020285684957
0.0035694999999999434 0.0003017020286850691
0.003574499999999943 0.0003017020290099204
0.003579499999999943 0.0003017020292190864
0.0035844999999999428 0.00030170180334287977
0.0035894999999999426 0.00030170184992805993
0.0035944999999999424 0.00030170195284440204
0.003599499999999942 0.000301702002923232
0.003604499999999942 0.00030170202074830677
0.0036094999999999417 0.00030170202632073817
0.0036144999999999415 0.00030170202794654877
0.0036194999999999413 0.00030170202840063
0.003624499999999941 0.00030170202852342065
0.003629499999999941 0.00030170202855717143
0.0036344999999999407 0.0003017020285653871
0.0036394999999999405 0.00030170202856760753
0.0036444999999999403 0.00030170202856760753
0.00364949999999994 0.0003017020285680516
0.00365449999999994 0.00030170202856782957
0.0036594999999999397 0.00030170202856782957
0.0036644999999999395 0.0003017020285680516
0.0036694999999999393 0.0003017020285684957
0.003674499999999939 0.0003017020285680516
0.003679499999999939 0.00030170202856782957
0.0036844999999999387 0.00030170202856782957
0.0036894999999999385 0.0003017020285680516
0.0036944999999999383 0.0003017020285680516
0.003699499999999938 0.0003017020285680516
0.003704499999999938 0.0003017020285680516
0.0037094999999999377 0.0003017020285680516
0.0037144999999999375 0.0003017020285680516
0.0037194999999999373 0.0003017020285680516
0.003724499999999937 0.0003017020285680516
0.003729499999999937 0.0003017020285684957
0.0037344999999999367 0.0003017020285680516
0.0037394999999999365 0.0003017020285680516
0.0037444999999999362 0.0003017020285680516
0.003749499999999936 0.0003017020285680516
0.003754499999999936 0.0003017020285680516
0.0037594999999999356 0.0003017020285680516
0.0037644999999999354 0.00030170202814461256
0.0037694999999999352 0.00030170200529267
0.003774499999999935 0.00030170162579779003
0.003779499999999935 0.000301700365266111
0.0037844999999999346 0.00029274519002830957
0.0037894999999999344 0.00022936049011623716
0.003794499999999934 0.0001875580145807021
0.003799499999999934 0.00016738433032070787
0.003804499999999934 0.00016087376505491413
0.0038094999999999336 0.0001722767577827522
0.0038144999999999334 0.00023718968581643018
0.003819499999999933 0.0002886220675870632
0.003824499999999933 0.0002995848435747295
0.003829499999999933 0.00030163912296954365
0.0038344999999999326 0.0003018811244992481
0.0038394999999999324 0.00030182579032111967
0.003844499999999932 0.000301760042478616
0.003849499999999932 0.0003017196723615889
0.0038544999999999318 0.000301698380560822
0.0038594999999999316 0.0003016877772403781
0.0038644999999999314 0.00030168262738161644
0.003869499999999931 0.00030168015501819134
0.003874499999999931 0.00030167897460620097
0.0038794999999999307 0.00030167841252293215
0.0038844999999999305 0.000301678145216977
0.0038894999999999303 0.0003016780181761547
0.00389449999999993 0.00030167795781643747
0.00389949999999993 0.0003016779291427074
0.0039044999999999297 0.0003016779155218252
0.0039094999999999295 0.00030167790905211156
0.003914499999999929 0.0003016779059790142
0.003919499999999929 0.000301677904519293
0.003924499999999929 0.00030167790382606974
0.003929499999999929 0.00030167790349699963
0.0039344999999999285 0.00030167790334023614
0.003939499999999928 0.0003016779032662953
0.003944499999999928 0.00030167790323076815
0.003949499999999928 0.00030167790321389276
0.003954499999999928 0.0003016779032061212
0.0039594999999999275 0.0003016779032025685
0.003964499999999927 0.0003016779032005701
0.003969499999999927 0.0003021239628151484
0.003974499999999927 0.00031119054537853685
0.003979499999999927 0.00034641790082856616
0.0039844999999999265 0.05583188502335412
0.003989499999999926 0.6840306080134602
0.003994499999999926 1.283869815210947
0.003999499999999926 1.6379006972416559
0.004004499999999926 1.8228349249910232
0.0040094999999999255 1.9146545315097088
0.004014499999999925 1.9591897698238632
0.004019499999999925 1.9805541409004244
0.004024499999999925 1.9907496725161045
0.004029499999999925 1.99560315846366
0.004034499999999924 1.9979108955294955
0.004039499999999924 1.9990075665877378
0.004044499999999924 1.9995285827416938
0.004049499999999924 1.999776080483814
0.004054499999999924 1.999893642029433
0.004059499999999923 1.9999494822314356
0.004064499999999923 1.9999760052413107
0.004069499999999923 1.9999886030742995
0.004074499999999923 1.9999945867433122
0.004079499999999923 1.9999974288386995
0.004084499999999922 1.9999987787630715
0.004089499999999922 1.9999994199432456
0.004094499999999922 1.9999997244876784
0.004099499999999922 1.9999998691386023
0.004104499999999922 1.9999999378441402
0.004109499999999921 1.999999970477536
0.004114499999999921 1.999999985977575
0.004119499999999921 1.9999999933397021
0.004124499999999921 1.9999999968365265
0.0041294999999999206 1.99999999849743
0.00413449999999992 1.999999999286317
0.00413949999999992 1.9999999996610185
0.00414449999999992 1.9999999998389921
0.00414949999999992 1.9999999999235252
0.0041544999999999195 1.9999999999636762
0.004159499999999919 1.999999999982747
0.004164499999999919 1.9999999999918052
0.004169499999999919 1.9999999999961076
0.004174499999999919 1.999999999998151
0.0041794999999999185 1.9999999999991216
0.004184499999999918 1.9999999999995826
0.004189499999999918 1.9999999999998017
0.004194499999999918 1.9999999999999047
0.004199499999999918 1.6953826661905638
0.0042044999999999175 0.5262357266323747
0.004209499999999917 0.1302828954515638
0.004214499999999917 0.030875265035945842
0.004219499999999917 0.007412111007469413
0.004224499999999917 0.001951028134151711
0.0042294999999999165 0.0006840468503492847
0.004234499999999916 0.00039032430069374513
0.004239499999999916 0.0003222427837363817
0.004244499999999916 0.00030646290218228067
0.004249499999999916 0.00030280548740568847
0.0042544999999999155 0.00030195778434016773
0.004259499999999915 0.0003017613067273217
0.004264499999999915 0.0003017157678479876
0.004269499999999915 0.0003017052130096509
0.004274499999999915 0.0003017027666467609
0.0042794999999999144 0.00030170219963765454
0.004284499999999914 0.0003017020682183347
0.004289499999999914 0.00030170203775869986
0.004294499999999914 0.00030170203069879165
0.004299499999999914 0.00030170202906254495
0.004304499999999913 0.0003017020286828487
0.004309499999999913 0.00030170202859514106
0.004314499999999913 0.00030170202857471295
0.004319499999999913 0.00030170202857005
0.004324499999999913 0.00030170202856871775
0.004329499999999912 0.00030170202856871775
0.004334499999999912 0.0003017020285684957
0.004339499999999912 0.0003017020285680516
0.004344499999999912 0.0003017020285684957
0.004349499999999912 0.00030170202856871775
0.004354499999999911 0.0003017020285684957
0.004359499999999911 0.00030170202856871775
0.004364499999999911 0.0003017020285680516
0.004369499999999911 0.0003017020286850691
0.004374499999999911 0.0003017020290099204
0.00437949999999991 0.0003017020292186423
0.00438449999999991 0.00030170180334287977
0.00438949999999991 0.0003017018499278379
0.00439449999999991 0.00030170195284440204
0.0043994999999999096 0.00030170200292345406
0.004404499999999909 0.0003017020207485288
0.004409499999999909 0.00030170202632073817
0.004414499999999909 0.00030170202794654877
0.004419499999999909 0.00030170202840063
0.0044244999999999085 0.00030170202852386474
0.004429499999999908 0.0003017020285565053
0.004434499999999908 0.000301702028564943
0.004439499999999908 0.00030170202856716344
0.004444499999999908 0.00030170202856782957
0.0044494999999999075 0.0003017020285680516
0.004454499999999907 0.00030170202856782957
0.004459499999999907 0.00030170202856782957
0.004464499999999907 0.0003017020285684957
0.004469499999999907 0.00030170202856782957
0.0044744999999999065 0.00030170202856782957
0.004479499999999906 0.00030170202856760753
0.004484499999999906 0.0003017020285680516
0.004489499999999906 0.00030170202856782957
0.004494499999999906 0.00030170202856782957
0.0044994999999999055 0.0003017020285680516
0.004504499999999905 0.0003017020285680516
0.004509499999999905 0.0003017020285684957
0.004514499999999905 0.0003017020285680516
0.004519499999999905 0.0003017020285680516
0.0045244999999999045 0.0003017020285680516
0.004529499999999904 0.0003017020285684957
0.004534499999999904 0.0003017020285680516
0.004539499999999904 0.0003017020285680516
0.004544499999999904 0.0003017020285680516
0.0045494999999999034 0.0003017020285680516
0.004554499999999903 0.00030170202856782957
0.004559499999999903 0.0003017020285680516
0.004564499999999903 0.00030170202814461256
0.004569499999999903 0.00030170200529267
0.004574499999999902 0.0003017016257971239
0.004579499999999902 0.000301700365266111
0.004584499999999902 0.0002927451900285316
0.004589499999999902 0.0002293604901164592
0.004594499999999902 0.000187558014580258
0.004599499999999901 0.00016738433032115196
0.004604499999999901 0.00016087376505447004
0.004609499999999901 0.00017227675778208607
0.004614499999999901 0.0002371896858159861
0.004619499999999901 0.0002886220675870632
0.0046244999999999 0.00029958484357450743
0.0046294999999999 0.00030163912296954365
0.0046344999999999 0.00030188112449902604
0.0046394999999999 0.00030182579032156376
0.0046444999999999 0.00030176004247883803
0.004649499999999899 0.00030171967236114483
0.004654499999999899 0.00030169838056015585
0.004659499999999899 0.00030168777723971196
0.004664499999999899 0.00030168262738117235
0.0046694999999998986 0.00030168015501774725
0.004674499999999898 0.00030167897460664506
0.004679499999999898 0.00030167841252337624
0.004684499999999898 0.0003016781452174211
0.004689499999999898 0.0003016780181761547
0.0046944999999998975 0.00030167795781643747
0.004699499999999897 0.00030167792914292946
0.004704499999999897 0.00030167791552249135
0.004709499999999897 0.0003016779090527777
0.004714499999999897 0.00030167790597923627
0.0047194999999998965 0.00030167790451995913
0.004724499999999896 0.0003016779038265138
0.004729499999999896 0.00030167790349699963
0.004734499999999896 0.0003016779033404582
0.004739499999999896 0.0003016779032667394
0.0047444999999998955 0.0003016779032314343
0.004749499999999895 0.00030167790321433685
0.004754499999999895 0.0003016779032061212
0.004759499999999895 0.0003016779032025685
0.004764499999999895 0.0003016779032005701
0.0047694999999998945 0.0003021239628151484
0.004774499999999894 0.00031119054537809276
0.004779499999999894 0.00034641790082856616
0.004784499999999894 0.055831885021928596
0.004789499999999894 0.6840306080092178
0.0047944999999998935 1.2838698152081518
0.004799499999999893 1.6379006972401404
0.004804499999999893 1.8228349249902585
0.004809499999999893 1.914654531509335
0.004814499999999893 1.9591897698236833
0.0048194999999998924 1.9805541409003384
0.004824499999999892 1.9907496725160634
0.004829499999999892 1.9956031571355533
0.004834499999999892 1.9979108948309376
0.004839499999999892 1.9990075662592515
0.004844499999999891 1.999528582585647
0.004849499999999891 1.9997760804096991
0.004854499999999891 1.9998936419942293
0.004859499999999891 1.9999494822147144
0.004864499999999891 1.9999760052333684
0.00486949999999989 1.9999886030705272
0.00487449999999989 1.9999945867415205
0.00487949999999989 1.9999974288378484
0.00488449999999989 1.9999987787626672
0.00488949999999989 1.9999994199430537
0.004894499999999889 1.9999997244875871
0.004899499999999889 1.999999869138559
0.004904499999999889 1.9999999378441196
0.004909499999999889 1.9999999704775262
0.004914499999999889 1.9999999859775703
0.004919499999999888 1.9999999933397
0.004924499999999888 1.9999999968365256
0.004929499999999888 1.9999999984974295
0.004934499999999888 1.9999999992863167
0.0049394999999998876 1.9999999996610183
0.004944499999999887 1.9999999998389921
0.004949499999999887 1.9999999999235252
0.004954499999999887 1.9999999999636762
0.004959499999999887 1.999999999982747
0.0049644999999998865 1.9999999999918052
0.004969499999999886 1.9999999999961076
0.004974499999999886 1.999999999998151
0.004979499999999886 1.9999999999991216
0.004984499999999886 1.9999999999995826
0.0049894999999998855 1.9999999999998017
0.004994499999999885 1.9999999999999047
0.004999499999999885 1.6953826662007434
0.005004499999999885 0.5262357266373583
0.005009499999999885 0.13028289545291516
0.0050144999999998845 0.03087526503626914
0.005019499999999884 0.007412111007544908
0.005024499999999884 0.0019510281328565249
0.005029499999999884 0.0006840468500375341
0.005034499999999884 0.0003903243006200263
0.0050394999999998835 0.00032224278371906223
0.005044499999999883 0.00030646290217872796
0.005049499999999883 0.00030280548740457824
0.005054499999999883 0.0003019577843395016
0.005059499999999883 0.0003017613067268776
0.0050644999999998825 0.0003017157678479876
0.005069499999999882 0.000301705213010095
0.005074499999999882 0.0003017027666469829
0.005079499999999882 0.0003017021996374325
0.005084499999999882 0.0003017020682183347
0.0050894999999998814 0.00030170203775825577
0.005094499999999881 0.00030170203069879165
0.005099499999999881 0.00030170202906210086
0.005104499999999881 0.0003017020286828487
0.005109499999999881 0.000301702028594919
0.00511449999999988 0.0003017020285744909
0.00511949999999988 0.00030170202856960593
0.00512449999999988 0.00030170202856871775
0.00512949999999988 0.0003017020285684957
0.00513449999999988 0.0003017020285680516
0.005139499999999879 0.0003017020285680516
0.005144499999999879 0.0003017020285684957
0.005149499999999879 0.00030170202856871775
0.005154499999999879 0.0003017020285684957
0.005159499999999879 0.0003017020285684957
0.005164499999999878 0.0003017020285684957
0.005169499999999878 0.00030170202868573526
0.005174499999999878 0.0003017020290101424
0.005179499999999878 0.0003017020292190864
0.005184499999999878 0.00030170180334287977
0.005189499999999877 0.00030170184992805993
0.005194499999999877 0.00030170195284440204
0.005199499999999877 0.00030170200292345406
0.005204499999999877 0.00030170202074830677
0.0052094999999998766 0.0003017020263205161
0.005214499999999876 0.0003017020279467708
0.005219499999999876 0.00030170202840063
0.005224499999999876 0.00030170202852386474
0.005229499999999876 0.00030170202855672734
0.0052344999999998755 0.000301702028564943
0.005239499999999875 0.00030170202856782957
0.005244499999999875 0.00030170202856760753
0.005249499999999875 0.00030170202856782957
0.005254499999999875 0.0003017020285680516
0.0052594999999998745 0.00030170202856782957
0.005264499999999874 0.0003017020285680516
0.005269499999999874 0.0003017020285680516
0.005274499999999874 0.0003017020285680516
0.005279499999999874 0.00030170202856782957
0.0052844999999998735 0.0003017020285680516
0.005289499999999873 0.0003017020285680516
0.005294499999999873 0.0003017020285680516
0.005299499999999873 0.0003017020285680516
0.005304499999999873 0.0003017020285680516
0.0053094999999998725 0.0003017020285680516
0.005314499999999872 0.0003017020285680516
0.005319499999999872 0.0003017020285680516
0.005324499999999872 0.0003017020285680516
0.005329499999999872 0.0003017020285680516
0.0053344999999998715 0.0003017020285680516
0.005339499999999871 0.0003017020285680516
0.005344499999999871 0.0003017020285680516
0.005349499999999871 0.0003017020285680516
0.005354499999999871 0.0003017020285680516
0.0053594999999998704 0.0003017020285680516
0.00536449999999987 0.00030170202814461256
0.00536949999999987 0.00030170200529267
0.00537449999999987 0.00030170162579779003
0.00537949999999987 0.000301700365266111
0.005384499999999869 0.00029274519002964183
0.005389499999999869 0.00022936049011734738
0.005394499999999869 0.00018755801458048005
0.005399499999999869 0.00016738433032092992
0.005404499999999869 0.00016087376505558026
0.005409499999999868 0.00017227675778186402
0.005414499999999868 0.000237189685815542
0.005419499999999868 0.0002886220675866191
0.005424499999999868 0.00029958484357450743
0.005429499999999868 0.00030163912296954365
0.005434499999999867 0.0003018811244992481
0.005439499999999867 0.0003018257903217858
0.005444499999999867 0.000301760042478616
0.005449499999999867 0.0003017196723609228
0.005454499999999867 0.0003016983805603779
0.005459499999999866 0.0003016877772403781
0.005464499999999866 0.0003016826273813944
0.005469499999999866 0.0003016801550179693
0.005474499999999866 0.0003016789746059789
0.0054794999999998656 0.00030167841252293215
0.005484499999999865 0.000301678145216977
0.005489499999999865 0.0003016780181761547
0.005494499999999865 0.00030167795781643747
0.005499499999999865 0.0003016779291427074
0.0055044999999998645 0.0003016779155218252
0.005509499999999864 0.00030167790905211156
0.005514499999999864 0.0003016779059790142
0.005519499999999864 0.0003016779045188489
0.005524499999999864 0.0003016779038258477
0.0055294999999998635 0.0003016779034967776
0.005534499999999863 0.0003016779033404582
0.005539499999999863 0.0003016779032662953
0.005544499999999863 0.00030167790323076815
0.005549499999999863 0.00030167790321389276
0.0055544999999998625 0.0003016779032061212
0.005559499999999862 0.0003016779032025685
0.005564499999999862 0.0003016779032005701
0.005569499999999862 0.00030212396281492637
0.005574499999999862 0.0003111905453783148
0.0055794999999998615 0.00034641790082812207
0.005584499999999861 0.05583188502048397
0.005589499999999861 0.6840306080051204
0.005594499999999861 1.2838698152054477
0.005599499999999861 1.6379006972386738
0.0056044999999998605 1.8228349249895182
0.00560949999999986 1.9146545315089734
0.00561449999999986 1.9591897698235092
0.00561949999999986 1.9805541409002552
0.00562449999999986 1.9907496725160239
0.0056294999999998594 1.9956031571355344
0.005634499999999859 1.9979108948309285
0.005639499999999859 1.9990075662592472
0.005644499999999859 1.999528582585645
0.005649499999999859 1.9997760804096982
0.005654499999999858 1.9998936419942288
0.005659499999999858 1.9999494822147141
0.005664499999999858 1.9999760052333684
0.005669499999999858 1.999988603070527
0.005674499999999858 1.9999945867415205
0.005679499999999857 1.9999974288378484
0.005684499999999857 1.9999987787626672
0.005689499999999857 1.9999994199430537
0.005694499999999857 1.9999997244875871
0.005699499999999857 1.999999869138559
0.005704499999999856 1.9999999378441196
0.005709499999999856 1.9999999704775262
0.005714499999999856 1.9999999859775703
0.005719499999999856 1.9999999933397
0.005724499999999856 1.9999999968365256
0.005729499999999855 1.9999999984974295
0.005734499999999855 1.9999999992863167
0.005739499999999855 1.9999999996610183
0.005744499999999855 1.9999999998389921
0.0057494999999998546 1.9999999999235252
0.005754499999999854 1.9999999999636762
0.005759499999999854 1.999999999982747
0.005764499999999854 1.9999999999918052
0.005769499999999854 1.9999999999961076
0.0057744999999998535 1.999999999998151
0.005779499999999853 1.9999999999991216
0.005784499999999853 1.9999999999995826
0.005789499999999853 1.9999999999998017
0.005794499999999853 1.9999999999999047
0.0057994999999998525 1.6953826451678529
0.005804499999999852 0.526235716342438
0.005809499999999852 0.1302828927150712
0.005814499999999852 0.030875264381950096
0.005819499999999852 0.00741211085481619
0.0058244999999998515 0.001951028098712504
0.005829499999999851 0.00068404684213208
0.005834499999999851 0.0003903242987890465
0.005839499999999851 0.0003222427832951791
0.005844499999999851 0.00030646290208014015
0.0058494999999998505 0.00030280548738170765
0.00585449999999985 0.0003019577843343946
0.00585949999999985 0.00030176130672598944
0.00586449999999985 0.0003017157678479876
0.00586949999999985 0.0003017052130094289
0.0058744999999998495 0.0003017027666467609
0.005879499999999849 0.00030170219963765454
0.005884499999999849 0.0003017020682183347
0.005889499999999849 0.00030170203775825577
0.005894499999999849 0.00030170203069879165
0.0058994999999998484 0.0003017020290623229
0.005904499999999848 0.0003017020286830707
0.005909499999999848 0.00030170202859514106
0.005914499999999848 0.00030170202857471295
0.005919499999999848 0.00030170202857005
0.005924499999999847 0.00030170202856871775
0.005929499999999847 0.0003017020285684957
0.005934499999999847 0.0003017020285684957
0.005939499999999847 0.0003017020285684957
0.005944499999999847 0.0003017020285680516
0.005949499999999846 0.00030170202856782957
0.005954499999999846 0.0003017020285680516
0.005959499999999846 0.0003017020285684957
0.005964499999999846 0.0003017020285684957
0.005969499999999846 0.0003017020286850691
0.005974499999999845 0.0003017020290099204
0.005979499999999845 0.0003017020292190864
0.005984499999999845 0.00030170180334287977
0.005989499999999845 0.00030170184992805993
0.005994499999999845 0.00030170195284440204
0.005999499999999844 0.000301702002923232
0.006004499999999844 0.00030170202074830677
0.006009499999999844 0.00030170202632073817
0.006014499999999844 0.0003017020279467708
0.0060194999999998436 0.00030170202840063
0.006024499999999843 0.00030170202852386474
0.006029499999999843 0.0003017020285565053
0.006034499999999843 0.000301702028564943
0.006039499999999843 0.00030170202856760753
0.0060444999999998425 0.0003017020285680516
0.006049499999999842 0.0003017020285680516
0.006054499999999842 0.0003017020285680516
0.006059499999999842 0.00030170202856782957
0.006064499999999842 0.00030170202856782957
0.0060694999999998415 0.00030170202856782957
0.006074499999999841 0.0003017020285680516
0.006079499999999841 0.0003017020285680516
0.006084499999999841 0.0003017020285680516
0.006089499999999841 0.0003017020285680516
0.0060944999999998405 0.0003017020285680516
0.00609949999999984 0.0003017020285680516
0.00610449999999984 0.0003017020285680516
0.00610949999999984 0.0003017020285680516
0.00611449999999984 0.0003017020285680516
0.0061194999999998395 0.00030170202856782957
0.006124499999999839 0.0003017020285680516
0.006129499999999839 0.0003017020285680516
0.006134499999999839 0.0003017020285680516
0.006139499999999839 0.0003017020285680516
0.0061444999999998385 0.0003017020285680516
0.006149499999999838 0.00030170202856782957
0.006154499999999838 0.0003017020285680516
0.006159499999999838 0.0003017020285680516
0.006164499999999838 0.00030170202814461256
0.0061694999999998374 0.00030170200529267
0.006174499999999837 0.00030170162579779003
0.006179499999999837 0.000301700365266111
0.006184499999999837 0.0002927451900298639
0.006189499999999837 0.0002293604894871848
0.006194499999999836 0.0001875580143020361
0.006199499999999836 0.00016738433020324628
0.006204499999999836 0.0001608737650318215
0.006209499999999836 0.00017227675793285435
0.006214499999999836 0.00023718968618569036
0.006219499999999835 0.00028862206766100407
0.006224499999999835 0.0002995848435858317
0.006229499999999835 0.00030163912296909956
0.006234499999999835 0.0003018811244976938
0.006239499999999835 0.0003018257903202315
0.006244499999999834 0.00030176004247794985
0.006249499999999834 0.00030171967236070074
0.006254499999999834 0.0003016983805603779
0.006259499999999834 0.000301687777239934
0.006264499999999834 0.00030168262738072826
0.006269499999999833 0.00030168015501774725
0.006274499999999833 0.0003016789746059789
0.006279499999999833 0.00030167841252337624
0.006284499999999833 0.0003016781452174211
0.0062894999999998326 0.0003016780181761547
0.006294499999999832 0.00030167795781643747
0.006299499999999832 0.0003016779291427074
0.006304499999999832 0.0003016779155222693
0.006309499999999832 0.00030167790905255565
0.0063144999999998315 0.00030167790597923627
0.006319499999999831 0.00030167790451951504
0.006324499999999831 0.0003016779038265138
0.006329499999999831 0.00030167790349699963
0.006334499999999831 0.00030167790334023614
0.0063394999999998305 0.0003016779032662953
0.00634449999999983 0.00030167790323076815
0.00634949999999983 0.00030167790321389276
0.00635449999999983 0.0003016779032061212
0.00635949999999983 0.0003016779032025685
0.0063644999999998295 0.00030167790320079213
0.006369499999999829 0.00030212396281537046
0.006374499999999829 0.00031119054537809276
0.006379499999999829 0.0003464179008272339
0.006384499999999829 0.055831885019038685
0.0063894999999998285 0.6840306080047456
0.006394499999999828 1.2838698152052463
0.006399499999999828 1.6379006972386314
0.0064 1.8228349249895008
