1.0 -59.97574925110739
1.023292992280754 -59.77574945652006
1.0471285480508996 -59.575749671613536
1.0715193052376064 -59.37574989684404
1.096478196143185 -59.175750132689316
1.1220184543019633 -58.975750379649625
1.1481536214968828 -58.775750638248795
1.1748975549395295 -58.575750909035364
1.202264434617413 -58.37575119258368
1.2302687708123816 -58.1757514894952
1.2589254117941673 -57.97575180039971
1.2882495516931338 -57.77575212595668
1.318256738556407 -57.57575246685664
1.3489628825916535 -57.375752823822694
1.3803842646028848 -57.17575319761201
1.4125375446227544 -56.97575358901744
1.4454397707459274 -56.7757539988692
1.4791083881682074 -56.57575442803663
1.5135612484362082 -56.37575487743007
1.5488166189124815 -56.1757553480027
1.5848931924611136 -55.9757558407527
1.6218100973589302 -55.775756356725225
1.6595869074375609 -55.57575689701472
1.6982436524617446 -55.37575746276719
1.7378008287493758 -55.17575805518269
1.778279410038923 -54.975758675517774
1.8197008586099837 -54.775759325088266
1.8620871366628677 -54.57576000527197
1.9054607179632475 -54.37576071751161
1.9498445997580458 -54.17576146331796
1.99526231496888 -53.97576224427294
2.0417379446695296 -53.77576306203305
2.08929613085404 -53.57576391833283
2.1379620895022327 -53.37576481498861
2.1877616239495534 -53.17576575390226
2.2387211385683403 -52.975766737065335
2.290867652767774 -52.77576776656322
2.344228815319923 -52.575768844579585
2.3988329190194912 -52.375769973401006
2.4547089156850315 -52.175771155421835
2.511886431509581 -51.97577239314924
2.570395782768865 -51.77577368920857
2.630267991895383 -51.575775046348866
2.691534803926917 -51.375776467448766
2.754228703338168 -51.17577795552254
2.8183829312644555 -50.97577951372653
2.8840315031266077 -50.77578114536581
2.9512092266663874 -50.575782853901224
3.019951720402018 -50.37578464295671
3.0902954325135923 -50.175786516326994
3.162277660168381 -49.97578847798563
3.2359365692962845 -49.77579053209344
3.311311214825913 -49.57579268300733
3.3884415613920273 -49.37579493528952
3.4673685045253184 -49.17579729371725
3.548133892335757 -48.97579976329289
3.6307805477010158 -48.77580234925453
3.715352290971728 -48.575805057087145
3.8018939632056146 -48.37580789253416
3.890451449942809 -48.175810861609705
3.9810717055349754 -47.975813970611284
4.07380277804113 -47.775817226133206
4.168693834703357 -47.57582063508054
4.26579518801593 -47.375824204683745
4.365158322401663 -47.175827942514026
4.4668359215096345 -46.97583185649936
4.570881896148754 -46.77583595494137
4.677351412871986 -46.57584024653285
4.786300923226388 -46.37584474037625
4.897788193684466 -46.175849446003
5.011872336272727 -45.97585437339363
5.128613839913653 -45.77585953299905
5.248074602497731 -45.575864935762596
5.370317963702533 -45.37587059314334
5.495408738576251 -45.175876517140324
5.6234132519034965 -44.97588272031804
5.754399373371576 -44.775889215833004
5.888436553555896 -44.575896017461744
6.025595860743584 -44.375903139629955
6.165950018614828 -44.1759105974431
6.30957344480194 -43.97591840671842
6.456542290346563 -43.77592658401849
6.606934480075968 -43.575935146686355
6.760829753919825 -43.375944112882216
6.918309709189373 -43.17595350162203
7.0794578438413875 -42.97596333281777
7.24435960074991 -42.77597362731964
7.4131024130091845 -42.57598440696027
7.585775750291847 -42.375995694601045
7.762471166286928 -42.17600751418048
7.943282347242826 -41.97601989076507
8.128305161641004 -41.77603285060233
8.317637711026721 -41.576046421176436
8.511380382023777 -41.37606063126655
8.70963589956082 -41.176075511007745
8.912509381337468 -40.97609109195489
9.12010839355911 -40.77610740714955
9.332543007969925 -40.57612449118995
9.549925860214374 -40.37614238030433
9.772372209558121 -40.176161112427735
10.000000000000016 -39.97618072728231
10.232929922807557 -39.776201266461555
10.471285480509012 -39.57622277351839
10.715193052376081 -39.376245294057426
10.964781961431868 -39.1762688758316
11.220184543019652 -38.97629356884332
11.481536214968846 -38.776319425450346
11.748975549395315 -38.576346500476724
12.02264434617415 -38.37637485132887
12.302687708123836 -38.176404538117154
12.589254117941694 -37.976435623783175
12.882495516931362 -37.77646817423302
13.182567385564095 -37.576502258476815
13.48962882591656 -37.37653794877484
13.803842646028874 -37.17657532079042
14.125375446227569 -36.97661445375015
14.454397707459302 -36.77665543061153
14.791083881682102 -36.5766983382385
15.13561248436211 -36.37674326758528
15.488166189124843 -36.17679031388876
15.848931924611165 -35.97683957686998
16.218100973589333 -35.77689116094506
16.59586907437564 -35.57694517544603
16.982436524617476 -35.377001734851966
17.37800828749379 -35.177060959031124
17.782794100389264 -34.97712297349425
18.197008586099873 -34.77718790965988
18.620871366628712 -34.577255905132084
19.054607179632512 -34.37732710399117
19.498445997580493 -34.17740165709809
19.95262314968884 -33.977479722412994
20.41737944669534 -33.77756146532888
20.89296130854044 -33.5776470590207
21.379620895022367 -33.37773668481092
21.877616239495573 -33.17783053255211
22.387211385683447 -32.97792880102754
22.908676527677784 -32.77803169837041
23.442288153199275 -32.57813944250272
23.98832919019496 -32.37825226159466
24.54708915685036 -32.17837039454549
25.11886431509586 -31.97849409148679
25.7039578276887 -31.77862361430931
26.30267991895388 -31.57875923721431
26.915348039269222 -31.37890124729067
27.542287033381733 -31.179049945118905
28.183829312644608 -30.979205645403262
28.84031503126613 -30.77936867763331
29.51209226666393 -30.57953938677631
30.19951720402024 -30.379718134001756
30.902954325135983 -30.17990529743961
31.622776601683874 -29.980101272973783
32.35936569296291 -29.780306475072408
33.1131121482592 -29.580521337656634
33.884415613920346 -29.380746315009723
34.67368504525326 -29.18098188272817
35.48133892335764 -28.981228538716945
36.307805477010234 -28.781486804230628
37.15352290971735 -28.58175722496275
38.018939632056224 -28.382040372185294
38.90451449942817 -28.182336843940806
39.81071705534983 -27.98264726628937
40.738027780411386 -27.782972294612946
41.68693834703366 -27.583312614979615
42.65795188015939 -27.38366894557048
43.65158322401672 -27.184042038171906
44.66835921509644 -26.98443267973608
45.70881896148764 -26.78484169401291
46.77351412871995 -26.585269943256367
47.86300923226398 -26.385718330008572
48.97788193684477 -26.186187798965094
50.11872336272738 -25.986679338924866
51.28613839913664 -25.787193984828576
52.48074602497742 -25.58773281988922
53.703179637025436 -25.388296977818875
54.95408738576262 -25.18888764515584
56.23413251903508 -24.989506063696332
57.54399373371587 -24.79015353303534
58.88436553555908 -24.590831413221082
60.255958607435964 -24.39154112752805
61.65950018614841 -24.192284165353357
63.09573444801953 -23.993062085241764
64.56542290346576 -23.793876518044506
66.06934480075981 -23.59472917021748
67.60829753919839 -23.395621827264495
69.18309709189387 -23.196556357331332
70.79457843841402 -22.997534714956807
72.44359600749924 -22.79855894498688
74.131024130092 -22.599631186658318
75.85775750291863 -22.400753677858575
77.62471166286943 -22.2019287595684
79.43282347242842 -22.003158880494418
81.2830516164102 -21.804446601898615
83.17637711026738 -21.605794602632066
85.11380382023793 -21.407205684380326
87.09635899560837 -21.208682777128164
89.12509381337486 -21.010228944851256
91.2010839355913 -20.811847391442786
93.32543007969943 -20.613541466882936
95.49925860214394 -20.415314673659278
97.72372209558142 -20.21717067344628
100.00000000000031 -20.019113294052133
102.32929922807568 -19.82114653664103
104.71285480509017 -19.623274583239322
107.15193052376081 -19.425501804533567
109.64781961431862 -19.227832767968653
112.20184543019641 -19.030272246154077
114.81536214968828 -18.83282522558614
117.48975549395291 -18.635496915693704
120.22644346174118 -18.43829275821496
123.02687708123798 -18.24121843691215
125.89254117941648 -18.04427988763087
128.82495516931309 -17.84748330871024
131.82567385564033 -17.65083517174926
134.89628825916492 -17.454342232734575
138.03842646028795 -17.25801154353354
141.25375446227483 -17.061850463756016
144.54397707459205 -16.865866672987146
147.91083881681996 -16.670068183392235
151.35612484361994 -16.474463352693686
154.88166189124718 -16.279060897518388
158.48931924611028 -16.08386990711249
162.18100973589182 -15.888899857418675
165.95869074375477 -15.694160625509044
169.82436524617304 -15.499662504364673
173.78008287493603 -15.305416217990452
177.82794100389066 -15.111432936851168
181.9700858609966 -14.917724293612133
186.20871366628484 -14.72430239916427
190.54607179632268 -14.531179858910443
194.98445997580237 -14.338369789286038
199.52623149688563 -14.145885834482828
204.17379446695045 -13.953742183340909
208.92961308540131 -13.76195358636899
213.7962089502204 -13.570535372848267
218.77616239495228 -13.379503467969933
223.8721138568308 -13.188874409950838
229.08676527677395 -12.998665367065795
234.42288153198868 -12.808894154528828
239.8832919019453 -12.619579251149005
245.4708915684991 -12.430739815679692
251.18864315095385 -12.242395702772574
257.03957827688197 -12.054567478440623
263.02679918953356 -11.867276434926035
269.15348039268673 -11.680544604861412
275.42287033381155 -11.494394774604116
281.83829312644 -11.308850496615353
288.403150312655 -11.123936100747214
295.1209226666327 -10.93967670429242
301.9951720401954 -10.75609822064304
309.02954325135255 -10.573227366396434
316.22776601683114 -10.391091666738587
323.59365692962115 -10.209719458927484
331.13112148258364 -10.029139893692216
338.84415613919475 -9.849382934356965
346.7368504525235 -9.670479353493654
354.81338923356697 -9.492460726902278
363.0780547700925 -9.31535942471465
371.53522909716327 -9.139208599415193
380.18939632055157 -8.964042170571872
389.0451449942705 -8.789894806071688
398.10717055348675 -8.616801899658308
407.3802778041018 -8.444799544574938
416.869383470324 -8.273924503123272
426.5795188015808 -8.104214171959821
436.5158322401536 -7.935706542964267
446.68359215095023 -7.768440159530483
457.0881896148616 -7.602454068150527
467.73514128718426 -7.437787765184273
478.63009232262385 -7.274481138733606
489.77881936843113 -7.112574405569259
501.1872336272566 -6.952108043091576
512.8613839913486 -6.793122716342362
524.8074602497556 -6.635659200124728
537.0317963702352 -6.479758296330342
549.5408738576062 -6.325460746618935
562.34132519033 -6.17280714064277
575.4399373371373 -6.021837820058995
588.8436553555686 -5.872592778624234
602.5595860743365 -5.725111558718527
616.5950018614601 -5.579433144698893
630.9573444801704 -5.435595853535333
645.6542290346318 -5.293637223233942
660.6934480075714 -5.153593899601258
676.0829753919563 -5.015501521951068
691.8309709189101 -4.879394608397821
707.9457843841105 -4.745306441419477
724.4359600749617 -4.613268954405485
741.3102413008882 -4.483312619932231
758.5775750291533 -4.355466340527732
776.2471166286603 -4.2297573426987745
794.3282347242489 -4.106211074996775
812.8305161640654 -3.984851110892416
831.763771102636 -3.8656990572139365
851.1380382023402 -3.748774468878617
870.9635899560432 -3.6340947706127253
891.2509381337067 -3.521675186310968
912.0108393558696 -3.41152867663351
933.2543007969495 -3.303665885376935
954.992586021393 -3.1980950950862996
977.2372209557662 -3.094822192298814
999.999999999954 -2.9938506427278844
1023.2929922807066 -2.895181476609039
1047.1285480508502 -2.798813284339314
1071.5193052375555 -2.7047422224492164
1096.4781961431324 -2.6129620298537097
1122.018454301909 -2.52346405423641
1148.1536214968266 -2.4362372883316055
1174.8975549394715 -2.351268415782371
1202.264434617353 -2.26854186617177
1230.2687708123194 -2.1880398787488113
1258.9254117941032 -2.1097425743026297
1288.2495516930678 -2.0336280345779496
1318.2567385563386 -1.959672388573332
1348.962882591583 -1.8878499050209792
1380.3842646028118 -1.8181330903139294
1412.537544622679 -1.7504927911228436
1445.4397707458497 -1.6848983009306837
1479.108388168127 -1.6213174697089716
1513.5612484361252 -1.559716815963619
1548.8166189123956 -1.5000616403911018
1584.893192461025 -1.442316140406371
1621.8100973588387 -1.386443524831478
1659.5869074374664 -1.332406128067827
1698.2436524616471 -1.2801655231143083
1737.800828749275 -1.2296826328372021
1778.2794100388192 -1.1809178389453059
1819.7008586098764 -1.1338310881735756
1862.087136662757 -1.0883819952306029
1905.4607179631332 -1.0445299421179752
1949.8445997579279 -1.0022341734826803
1995.2623149687583 -0.9614538877162371
2041.7379446694042 -0.9221483235657177
2089.2961308539107 -0.8842768420714459
2137.962089502099 -0.8477990036938556
2187.7616239494155 -0.8126746405368959
2238.721138568198 -0.7788639236175485
2290.867652767627 -0.7463274251699942
2344.2288153197715 -0.7150261760086946
2398.8329190193353 -0.6849217180069832
2454.7089156848706 -0.6559761517766715
2511.886431509415 -0.6281521796595596
2570.3957827686936 -0.6014131441640433
2630.2679918952067 -0.5757230619987072
2691.534803926735 -0.551046653870635
2754.2287033379803 -0.5273493702289321
2818.382931264262 -0.5045974131440161
2884.031503126408 -0.4827577545205783
2951.2092266661816 -0.461798150847337
3019.951720401806 -0.4416871546894294
3090.295432513374 -0.4223941231304916
3162.277660168156 -0.4038892233704433
3235.9365692960528 -0.3861434356830132
3311.311214825674 -0.36912855393314004
3388.4415613917813 -0.3528171838499006
3467.368504525065 -0.33718273924465747
3548.1338923354956 -0.32219943635793935
3630.7805477007464 -0.3078422865110752
3715.3522909714507 -0.29408708723133636
3801.893963205329 -0.2809104120110879
3890.4514499425145 -0.26828959885336184
3981.071705534672 -0.2562027377478317
4073.802778040818 -0.244628657212705
4168.6938347030355 -0.23354691002967715
4265.795188015599 -0.22293775829073464
4365.158322401322 -0.21278215786731777
4466.835921509283 -0.20306174240462854
4570.881896148392 -0.1937588069357583
4677.351412871613 -0.18485629120311525
4786.300923226004 -0.1763377627673385
4897.78819368407 -0.1681873999769784
5011.87233627232 -0.16038997486571566
5128.613839913234 -0.15293083603771823
5248.074602497299 -0.14579589159575934
5370.317963702088 -0.13897159216130506
5495.408738575793 -0.13244491403049233
5623.413251903025 -0.12620334250515833
5754.3993733710895 -0.1202348554334118
5888.436553555396 -0.11452790699019279
6025.595860743069 -0.10907141172418564
6165.950018614299 -0.10385472889398653
6309.5734448013945 -0.09886764711296242
6456.542290346001 -0.09410036931929726
6606.93448007539 -0.08954349808480465
6760.829753919231 -0.08518802127357927
6918.309709188761 -0.08102529805925612
7079.457843840758 -0.07704704530739953
7244.3596007492615 -0.07324532432779482
7413.102413008517 -0.06961252799950265
7585.775750291161 -0.06614136827015572
7762.471166286221 -0.06282486402942404
7943.282347242099 -0.059656329355465665
8128.305161640255 -0.056629362131964435
8317.637711025951 -0.0537378330325278
8511.380382022984 -0.05097587486816554
8709.635899560004 -0.04833787229307777
8912.50938133663 -0.04581845186307579
9120.108393558248 -0.0434124724406602
9332.543007969036 -0.04111501594012461
9549.925860213461 -0.03892137840577418
9772.372209557183 -0.03682706141600478
9999.999999999049 -0.03482776380568702
10232.929922806574 -0.03291937369923965
10471.285480508 -0.031097960846388654
10715.19305237504 -0.02935976925283347
10964.781961430797 -0.027701210097668176
11220.184543018551 -0.0261188549295836
11481.536214967713 -0.02460942913385799
11748.97554939415 -0.023169805662083327
12022.64434617295 -0.021796999016823124
12302.687708122603 -0.020488159483270756
12589.254117940425 -0.019240567600275895
12882.495516930057 -0.01805162886316218
13182.567385562754 -0.01691886865083645
13489.62882591518 -0.01583992736998133
13803.842646027455 -0.014812555809167358
14125.37544622611 -0.013834610695962255
14454.397707457802 -0.012904050450288708
14791.083881680559 -0.01201893112744603
15135.612484360525 -0.011177402544454575
15488.166189123212 -0.010377704583496367
15848.931924609487 -0.009618163666530549
16218.100973587607 -0.008897189395308173
16595.869074373866 -0.008213271351160466
16982.436524615656 -0.0075649760492944385
17378.008287491914 -0.006950944042344781
17782.79410038734 -0.006369887168291764
18197.00858609789 -0.0058205859379896144
18620.871366626678 -0.00530188705768207
19054.607179630417 -0.004812701082285919
19498.445997578343 -0.004352000195145254
19952.623149686624 -0.003918816110423863
20417.379446693063 -0.003512238094298096
20892.961308538102 -0.0031314111013865447
21379.62089501996 -0.0027755340230513083
21877.6162394931 -0.00244385804437119
22387.211385680905 -0.0021356851067529325
22908.676527675172 -0.001850366473342748
23442.28815319659 -0.0015873013946106499
23988.329190192202 -0.0013459358715996398
24547.089156847524 -0.0011257615145015614
25118.864315092946 -0.0009263144945207151
25703.957827685703 -0.0007471745869214711
26302.679918950802 -0.0005879643035605756
26915.348039266057 -0.00044834811320785243
27542.287033378478 -0.0003280317481972331
28183.829312641265 -0.00022676159611500368
28840.315031262697 -0.00014432417528056159
29512.0922666604 -8.054569315345088e-05
30199.51720401661 -3.5291686699019674e-05
30902.954325132254 -8.466744105047026e-06
31622.77660168004 -1.4307282078072422e-08
32359.36569295897 -9.916554773619023e-06
33113.112148255146 -3.8194364863711076e-05
33884.415613916186 -8.490735879592413e-05
34673.68504524898 -0.00015015402421758134
35481.33892335325 -0.00023407191901530003
36307.80547700572 -0.00033683795602361063
37153.522909712716 -0.0004586687691015176
38018.939632051464 -0.0005998211612415089
38904.514499423276 -0.0007605926356622687
39810.71705534481 -0.0009413220107947593
40738.02778040622 -0.0011423901203968224
41686.93834702835 -0.001364220600124284
42657.95188015393 -0.001607280761991773
43651.58322401112 -0.001872082558439134
44668.359215090684 -0.002159183637803439
45708.818961481724 -0.0024691884931638923
46773.51412871388 -0.002802749706721626
47863.00923225773 -0.0031605692920368975
48977.881936838356 -0.003543400136646019
50118.72336272079 -0.003952047547664327
51286.13839912987 -0.004387370903312517
52480.74602497047 -0.004850285413315759
53703.1796370183 -0.005341763991442403
54954.08738575529 -0.005862839243572476
56234.132519027546 -0.006414605574853908
57543.993733708136 -0.006998221419773994
58884.36553555113 -0.007614911599068971
60255.9586074278 -0.008265969807691894
61659.50018614002 -0.008952761238153865
63095.73444801091 -0.009676725343822142
64565.422903456914 -0.010439378746977196
66069.34480075072 -0.011242318296540864
67608.29753918906 -0.01208722428068149
69183.0970918843 -0.012975863799679684
70794.57843840418 -0.013910094304614304
72443.59600748913 -0.014891867307676936
74131.02413008161 -0.01592323227009977
75857.75750290796 -0.017006340673848493
77624.71166285848 -0.018143450283543326
79432.82347241716 -0.01933692960513328
81283.05161639865 -0.020589262548095493
83176.37711025552 -0.02190305329814818
85113.80382022576 -0.023281031407552374
87096.35899559585 -0.024726057110351654
89125.09381336201 -0.026241126869985528
91201.08393557809 -0.02782937916680868
93325.43007968589 -0.029494100533345582
95499.25860213002 -0.03123873184496171
97723.72209556712 -0.0330668748740097
99999.99999998568 -0.03498229911534015
102329.29922806071 -0.036988948891218544
104712.85480507486 -0.039090950743690116
107151.93052374515 -0.041292621122407426
109647.81961430259 -0.043598474375835014
112201.84543018001 -0.04601323105369274
114815.3621496715 -0.0485418265283813
117489.75549393574 -0.05118941994276976
120226.44346172361 -0.05396140349173133
123026.87708122 -0.05686341204419947
125892.54117939807 -0.059901333112364556
128824.95516929426 -0.06308131717401731
131825.67385562105 -0.06640978835354341
134896.2882591452 -0.069893455466432
138038.42646026777 -0.07353932343136853
141253.75446225418 -0.07735470505317871
144543.97707457092 -0.08134723317888395
147910.83881679832 -0.0855248732279809
151356.12484359782 -0.08989593609689056
154881.6618912245 -0.09446909143601127
158489.3192460871 -0.0992533812963452
162181.0097358681 -0.10425823414086306
165958.69074373052 -0.10949347921378812
169824.3652461482 -0.11496936125899455
173780.08287491061 -0.12069655557616857
177827.94100386463 -0.12668618340095744
181970.08586096996 -0.13294982759241158
186208.71366625762 -0.13949954860796673
190546.07179629483 -0.14634790074286408
194984.45997577385 -0.153507948607263
199526.23149685646 -0.16099328381037545
204173.7944669206 -0.1688180418166907
208929.61308537074 -0.17699691893481476
213796.20895018915 -0.1855451893945834
218776.16239492028 -0.19447872246285575
223872.11385679807 -0.20381399954281998
229086.76527674045 -0.21356813119584792
234422.8815319544 -0.22375887401856132
239883.29190191024 -0.23440464730127844
245470.8915684632 -0.24552454938713125
251188.6431509171 -0.25713837364383957
257039.5782768444 -0.26926662395272566
263026.7991894951 -0.28193052961170845
269153.4803926474 -0.2951520595410577
275422.8703337713 -0.30895393567245233
281838.2931263988 -0.32335964539357936
288403.1503126128 -0.3383934529120783
295120.9226665895 -0.3540804093941321
301995.17204015126 -0.3704463617247483
309029.5432513074 -0.38751795972844927
316227.7660167849 -0.4053226616811447
323593.65692957386 -0.4238887379364339
331131.12148253527 -0.443245272482436
338844.1561391452 -0.4634221622388221
346736.8504524728 -0.48445011389816484
354813.3892335151 -0.5063606381109226
363078.0547700394 -0.5291860408100336
371535.22909710894 -0.5529594114687487
380189.3963204959 -0.5777146080848854
389045.14499421365 -0.6034862386856092
398107.1705534285 -0.6303096391501082
407380.2778040422 -0.65822084715266
416869.38347026304 -0.6872565720362354
426579.5188015184 -0.7174541604371059
436515.8322400898 -0.7488515574938287
446683.5921508849 -0.7814872634900271
457088.1896147948 -0.8154002857995425
467735.14128711587 -0.8506300860248324
478630.09232255386 -0.887216522245327
489778.8193683595 -0.9251997863215569
501187.2336271833 -0.964620336233494
512861.3839912736 -1.0055188234675503
524807.4602496789 -1.04793601550582
537031.7963701566 -1.091912713513707
549540.8738575259 -1.1374896653670923
562341.3251902479 -1.1847074742080816
575439.9373370531 -1.2336065027682257
588843.6553554824 -1.2842267737496096
602559.5860742484 -1.336607866606863
616595.0018613699 -1.3907888111261695
630957.3444800782 -1.446807978250231
645654.2290345374 -1.5047029686497222
660693.4480074749 -1.5645104995918548
676082.9753918574 -1.62626629070358
691830.970918809 -1.6900049492705536
707945.784384007 -1.7557598557518206
724435.9600748558 -1.82356305022362
741310.2413007797 -1.893445120492876
758577.5750290424 -1.9654350926408612
776247.1166285467 -2.039560324769682
794328.2347241327 -2.115846404727919
812830.5161639466 -2.194317052586339
831763.7711025144 -2.274994028619928
851138.0382022158 -2.3578970475282177
870963.5899559158 -2.4430436995920637
891250.9381335764 -2.5304493794216287
912010.8393557362 -2.6201272228980628
933254.300796813 -2.7120880528502846
954992.5860212533 -2.8063403339395254
977237.2209556233 -2.9028901371483733
999999.9999998078 -3.0017411141894352
1023292.9922805569 -3.102894482062038
1047128.5480506972 -3.2063490178955476
1071519.305237399 -3.3121010641255304
1096478.196142972 -3.420144543956338
1122018.454301745 -3.530470986971352
1148153.6214966585 -3.643069564662248
1174897.5549392996 -3.7579271355620447
1202264.4346171771 -3.8750282995849727
1230268.7708121396 -3.994355461100384
1258925.411793919 -4.1158889001991446
1288249.5516928793 -4.23960685154991
1318256.738556146 -4.365485590190419
1348962.8825913856 -4.493499523555547
1380384.26460261 -4.623621289010131
1412537.5446224723 -4.755821856130218
1445439.7707456383 -4.890070632961832
1479108.3881679107 -5.026335575480882
1513561.2484359038 -5.164583299481643
1548816.6189121692 -5.3047791941332765
1584893.1924607933 -5.446887536463883
1621810.0973586014 -5.590871606058814
1659586.9074372237 -5.736693799293243
1698243.6524613986 -5.884315742458062
1737800.8287490208 -6.0336984031815675
1778279.4100385592 -6.1848021995964775
1819700.8586096105 -6.337587106751823
1862087.1366624848 -6.492012759820836
1905460.7179628548 -6.648038553708914
1949844.5997576427 -6.805623738718633
1995262.3149684668 -6.964727511981597
2041737.9446691058 -7.125309104418251
2089296.130853605 -7.287327863036809
2137962.0895017865 -7.45074332843009
2187761.6239490956 -7.615515307374342
2238721.138567871 -7.781603940476467
2290867.652767292 -7.948969764855266
2344228.8153194287 -8.117573771878403
2398832.919018985 -8.287377460009193
2454708.9156845114 -8.458342882846688
2511886.4315090477 -8.63043269246815
2570395.782768318 -8.803610178205352
2630267.991894822 -8.97783930100539
2691534.8039263417 -9.15308472354257
2754228.7033375776 -9.329311836260922
2818382.9312638496 -9.506486779537326
2884031.5031259866 -9.684576462162504
2951209.22666575 -9.863548576342806
3019951.7204013644 -10.043371609428387
3090295.432512922 -10.224014852574808
3162277.6601676936 -10.405448406544274
3235936.5692955796 -10.587643184850524
3311311.2148251897 -10.770570914448134
3388441.561391286 -10.954204134161927
3467368.504524558 -11.138516191046941
3548133.8923349767 -11.323481234862685
3630780.5477002156 -11.509074210838516
3715352.290970907 -11.695270850899256
3801893.9632047727 -11.882047663512266
3890451.4499419453 -12.069381922309008
3981071.70553409 -12.25725165362562
4073802.7780402224 -12.445635623098717
4168693.8347024256 -12.634513321444148
4265795.188014975 -12.82386494953808
4365158.322400684 -13.013671402911607
4466835.92150863 -13.203914255762095
4570881.896147723 -13.394575744576613
4677351.412870929 -13.585638751455434
4786300.923225303 -13.77708678721623
4897788.193683354 -13.968903974352818
5011872.336271587 -14.161075029915617
5128613.8399124835 -14.353585248374843
5248074.602496532 -14.546420484521486
5370317.963701302 -14.739567136455614
5495408.738574989 -14.93301212870632
5623413.251902203 -15.126742895522671
5754399.373370249 -15.320747364370582
5888436.553554535 -15.515013939666165
6025595.860742188 -15.709531486772313
6165950.018613397 -15.90428931628146
6309573.444800472 -16.099277168604257
6456542.290345057 -16.29448519888077
6606934.480074424 -16.489903962227906
6760829.753918243 -16.685524399334316
6918309.70918775 -16.881337822411542
7079457.843839723 -17.07733590150808
7244359.600748202 -17.273510651191174
7413102.4130074335 -17.469854417599226
7585775.750290052 -17.666359865866305
7762471.166285086 -17.863019967918735
7943282.347240937 -18.059827990642532
8128305.161639066 -18.256777484419267
8317637.711024735 -18.45386227202709
8511380.38202174 -18.6510764379026
8709635.89955873 -18.848414317758664
8912509.381335326 -19.045870488552524
9120108.393556915 -19.24343975879802
9332543.007967671 -19.441117159215224
9549925.860212063 -19.638897933710517
9772372.209555753 -19.836777530679598
9999999.999997586 -20.03475159462586
10232929.922805067 -20.23281595808625
10471285.480506457 -20.430966633856535
10715193.052373463 -20.629199807507938
10964781.961429182 -20.82751183018683
11220184.5430169 -21.02589921168937
11481536.214966023 -21.22435861380275
11748975.549392419 -21.422886843904877
12022644.34617118 -21.621480848814414
12302687.708120791 -21.820137708882974
12589254.117938573 -22.01885463232166
12882495.51692816 -22.21762894975393
13182567.385560812 -22.416458108987186
13489628.825913195 -22.615339669995453
13803842.646025423 -22.814271300105705
14125375.44622403 -23.013250769380562
14454397.707455674 -23.212275946190317
14791083.881678382 -23.411344792967256
15135612.484358296 -23.61045536213563
15488166.189120932 -23.80960579221062
15848931.924607154 -24.008794304059894
16218100.973585218 -24.208019197321722
16595869.074371422 -24.407278846973366
16982436.524613153 -24.606571700044068
17378008.287489355 -24.80589627246704
17782794.10038472 -25.00525114606478
18197008.58609521 -25.204634965662596
18620871.366623934 -25.404046436325196
19054607.179627612 -25.603484320711274
19498445.99757547 -25.802947436541537
19952623.149683688 -26.00243465417535
20417379.446690056 -26.20194489429171
20892961.308535025 -26.40147712567023
21379620.895016816 -26.601030363067974
21877616.23948988 -26.800603665188227
22387211.38567761 -27.00019613273737
22908676.5276718 -27.199806906566124
23442288.15319314 -27.39943516589175
23988329.19018867 -27.599080126597663
24547089.156843908 -27.79874103960731
25118864.315089244 -27.998417189329118
25703957.827681918 -28.19810789216948
26302679.91894693 -28.397812495110948
26915348.039262094 -28.597530374352793
27542287.03337442 -28.79726093401128
28183829.312637113 -28.997003604877133
28840315.03125845 -29.19675784322766
29512092.266656056 -29.396523129691275
30199517.204012163 -29.59629896816209
30902954.325127706 -29.796084884762394
31622776.601675387 -29.995880426851066
32359365.69295421 -30.19568516207578
33113112.148250274 -30.395498677467174
33884415.6139112 -30.595320578573148
34673685.045243874 -30.795150488631577
35481338.923348024 -30.99498804777966
36307805.47700038 -31.194832912298416
37153522.90970725 -31.3946847538907
38018939.632045865 -31.594543258991358
38904514.49941754 -31.79440812810799
39810717.05533895 -31.994279075191116
40738027.780400224 -32.19415582703233
41686938.34702221 -32.39403812268931
42657951.88014765 -32.59392571293637
43651583.22400469 -32.79381835973959
44668359.215084106 -32.99371583575533
45708818.96147499 -33.193617923851086
46773514.12870699 -33.39352441664777
47863009.23225068 -33.59343511608242
48977881.93683114 -33.793349832990444
50118723.36271341 -33.99326838670651
51286138.39912232 -34.19319060468332
52480746.02496274 -34.3931163221274
53703179.63701039 -34.593045381651145
54954087.385747194 -34.792977632940534
56234132.51901927 -34.992912932437584
57543993.73369966 -35.19285114303715
58884365.53554246 -35.39279213379719
60255958.607418925 -35.59273577966203
61659500.18613095 -35.792681961198134
63095734.44800162 -35.992630564341546
64565422.903447405 -36.19258148015673
66069344.800740995 -36.39253460460628
67608297.5391791 -36.59248983833082
69183097.09187411 -36.792447086438905
70794578.43839376 -36.99240625830621
72443596.00747846 -37.19236726738388
74131024.1300707 -37.39233003101535
75857757.5028968 -37.59229447026144
77624711.66284706 -37.79226050973329
79432823.47240548 -37.99222807743278
81283051.61638668 -38.19219710460014
83176377.11024328 -38.39216752556841
85113803.82021323 -38.59213927762435
87096358.99558303 -38.79211230087568
89125093.81334889 -38.99208653812427
91201083.93556467 -39.19206193474502
93325430.07967214 -39.39203843857013
95499258.60211596 -39.592015999778646
97723722.09555274 -39.79199457079092
99999999.99997096 -39.9919741061678
102329299.22804564 -40.191954562514425
104712854.80505945 -40.39193589838825
107151930.52372937 -40.59191807421126
109647819.61428644 -40.79190105218608
112201845.43016349 -40.991884796215956
114815362.1496546 -41.19186927182821
117489755.49391843 -41.39185444610121
120226443.46170591 -41.59184028759459
123026877.08120188 -41.791826766282654
125892541.17937954 -41.991813853490704
128824955.16927528 -42.19180152183428
131825673.85560165 -42.39178974516115
134896288.25912532 -42.59177849849579
138038426.46024746 -42.79176775798659
141253754.46223336 -42.991757500855115
144543977.07454965 -43.19174770534801
147910838.81677654 -43.3917383506907
151356124.84357554 -43.591729417043524
154881661.8912017 -43.791720885459554
158489319.24606377 -43.991712737844466
162181009.73584422 -44.1917049569182
165958690.74370608 -44.391697526178284
169824365.2461232 -44.59169042986488
173780082.87488502 -44.791683652927375
177827941.00383845 -44.99167718099244
181970085.86094317 -45.19167100033354
186208713.6662302 -45.39166509784191
190546071.79626676 -45.59165946099867
194984459.97574514 -45.79165407784834
199526231.49682707 -45.99164893697346
204173794.46689054 -46.19164402747038
208929613.08534 -46.391639338926154
213796208.95015767 -46.591634861396464
218776162.39488807 -46.79163058538449
223872113.8567651 -46.991626501820825
229086765.27670673 -47.19162260204421
234422881.53191987 -47.3916188777832
239883291.9018749 -47.59161532113856
245470891.56842706 -47.79161192456658
251188643.15088013 -47.99160868086304
257039578.27680656 -48.19160558314795
263026799.18945637 -48.39160262485093
269153480.39260775 -48.591599799697335
275422870.3337307 -48.79159710169488
281838293.1263573 -48.99159452512098
288403150.31257033 -49.19159206451057
295120922.66654605 -49.39158971464458
301995172.04010683 -49.5915874705388
309029543.2512619 -49.791585327433324
316227766.01673836 -49.991583280782486
323593656.9295262 -50.19158132624523
331131121.4824865 -50.3915794596758
338844156.1390953 -50.591577677115104
346736850.4524218 -50.791575974782155
354813389.23346287 -50.9915743490662
363078054.7699859 -51.19157279651894
371535229.09705424 -51.391571313847294
380189396.32043993 -51.59156989790641
389045144.99415636 -51.79156854569292
398107170.55336994 -51.99156725433867
407380277.8039822 -52.19156602110458
416869383.4702017 -52.39156484337484
426579518.80145556 -52.59156371865136
436515832.24002546 -52.79156264454851
446683592.1508191 -52.99156161878801
457088189.6147275 -53.19156063919411
467735141.28704697 -53.39155970368899
478630092.32248336 -53.59155881028834
489778819.3682874 -53.791557957097176
501187233.6271095 -53.99155714230578
512861383.99119806 -54.19155636418591
524807460.24960166 -54.39155562108706
537031796.3700775 -54.59155491143305
549540873.857445 -54.79155423371863
562341325.190165 -54.99155358650627
575439937.3369683 -55.19155296842318
588843655.3553957 -55.39155237815834
602559586.0741597 -55.591551814459706
616595001.8612792 -55.79155127613163
630957344.4799852 -55.99155076203224
645654229.0344423 -56.19155027107108
660693448.0073775 -56.391549802206754
676082975.3917578 -56.591549354444766
691830970.918707 -56.79154892683534
707945784.3839028 -56.99154851847146
724435960.0747491 -57.19154812848694
741310241.3006706 -57.3915477560546
758577575.0289307 -57.591547400384435
776247116.6284324 -57.791547060722046
794328234.7240157 -57.991546736346955
812830516.163827 -58.191546426571115
831763771.102392 -58.39154613073747
851138038.2020904 -58.591545848218516
870963589.9557875 -58.79154557841499
891250938.1334451 -58.99154532075461
912010839.3556019 -59.19154507469084
933254300.7966756 -59.39154483970175
954992586.0211127 -59.5915446152889
977237220.9554794 -59.79154440097629
999999999.9996605 -59.991544196309306
