0 0.0
4.9999999999999996e-05 0.02827317116127721
9.999999999999999e-05 0.05653936634063091
0.00015 0.0847916112773568
0.00019999999999999998 0.11302293515276406
0.00025 0.1412263723101209
0.00030000000000000003 0.1693949639733258
0.00035000000000000005 0.19752175996388152
0.0004000000000000001 0.22559982041574772
0.0004500000000000001 0.25362221748764885
0.0005000000000000001 0.2815820370724157
0.0005500000000000001 0.30947238050293724
0.0006000000000000002 0.3372863662543044
0.0006500000000000002 0.3650171316417226
0.0007000000000000002 0.3926578345137767
0.0007500000000000002 0.4202016549406299
0.0008000000000000003 0.4476417968967387
0.0008500000000000003 0.47497148993767135
0.0009000000000000003 0.5021839908706129
0.0009500000000000003 0.5292725854181474
0.0010000000000000002 0.5562305898749055
0.0010500000000000002 0.5830513527566691
0.0011 0.6097282564415246
0.00115 0.6362547188026628
0.0012 0.6626241948324203
0.0012499999999999998 0.6888301782571615
0.0012999999999999997 0.714866203142605
0.0013499999999999996 0.7407258454891956
0.0013999999999999996 0.7664027248171306
0.0014499999999999995 0.791890505740647
0.0014999999999999994 0.817182899531184
0.0015499999999999993 0.8422736656690317
0.0015999999999999992 0.8671566133830872
0.0016499999999999991 0.8918256031783331
0.001699999999999999 0.916274548350668
0.001749999999999999 0.9404974164887074
0.0017999999999999989 0.9644882309621934
0.0018499999999999988 0.9882410723966365
0.0018999999999999987 1.0117500801338344
0.0019499999999999986 1.0350094536779009
0.0019999999999999987 1.058013454126451
0.002049999999999999 1.0807564055865908
0.002099999999999999 1.1032326965753574
0.002149999999999999 1.125436781404269
0.0021999999999999993 1.1473631815476413
0.0022499999999999994 1.1690064869943304
0.0022999999999999995 1.1903613575825733
0.0023499999999999997 1.2114225243175918
0.0024 1.2321847906716394
0.00245 1.2526430338661658
0.0025 1.2727922061357857
0.00255 1.2926273359737401
0.0026000000000000003 1.3121435293585408
0.0026500000000000004 1.3313359709614976
0.0027000000000000006 1.3501999253348276
0.0027500000000000007 1.368730738080056
0.002800000000000001 1.3869238369964212
0.002850000000000001 1.404774733208994
0.002900000000000001 1.4222790222762431
0.0029500000000000012 1.4394323852767634
0.0030000000000000014 1.456230589874906
0.0030500000000000015 1.4726694913650427
0.0031000000000000016 1.4887450336942119
0.0031500000000000018 1.5044532504628871
0.003200000000000002 1.5197902659036278
0.003250000000000002 1.5347522958373665
0.003300000000000002 1.5493356486070995
0.0033500000000000023 1.5635367259887447
0.0034000000000000024 1.5773520240789554
0.0034500000000000025 1.590778134159649
0.0035000000000000027 1.6038117435390629
0.003550000000000003 1.616449636369109
0.003600000000000003 1.628688694438836
0.003650000000000003 1.6405258979438022
0.003700000000000003 1.6519583262311668
0.0037500000000000033 1.662983158520317
0.0038000000000000035 1.6735976745988534
0.0038500000000000036 1.683799255493762
0.0039000000000000037 1.6935853841176067
0.003950000000000004 1.7029536458895824
0.0040000000000000036 1.711901729331277
0.004050000000000003 1.7204274266369948
0.004100000000000003 1.728528634218498
0.004150000000000003 1.736203353224037
0.004200000000000002 1.7434496900315364
0.004250000000000002 1.7502658567158182
0.004300000000000002 1.7566501714897456
0.0043500000000000014 1.7626010591191785
0.004400000000000001 1.7681170513116398
0.004450000000000001 1.7731967870785932
0.0045000000000000005 1.777839013071248
0.00455 1.7820425838898035
0.0046 1.78580646236606
0.00465 1.7891297198193234
0.004699999999999999 1.792011536285544
0.004749999999999999 1.7944512007196303
0.004799999999999999 1.7964481111708888
0.004849999999999998 1.7980017749315458
0.004899999999999998 1.7991118086583167
0.004949999999999998 1.7997779384669892
0.0049999999999999975 1.8
0.005049999999999997 1.7997779384669892
0.005099999999999997 1.7991118086583169
0.005149999999999997 1.798001774931546
0.005199999999999996 1.796448111170889
0.005249999999999996 1.7944512007196305
0.005299999999999996 1.7920115362855442
0.005349999999999995 1.7891297198193237
0.005399999999999995 1.7858064623660603
0.005449999999999995 1.782042583889804
0.0054999999999999945 1.7778390130712485
0.005549999999999994 1.7731967870785936
0.005599999999999994 1.7681170513116404
0.005649999999999994 1.7626010591191792
0.005699999999999993 1.7566501714897462
0.005749999999999993 1.750265856715819
0.005799999999999993 1.7434496900315373
0.005849999999999992 1.7362033532240377
0.005899999999999992 1.728528634218499
0.005949999999999992 1.7204274266369957
0.0059999999999999915 1.711901729331278
0.006049999999999991 1.702953645889583
0.006099999999999991 1.6935853841176076
0.0061499999999999905 1.683799255493763
0.00619999999999999 1.6735976745988546
0.00624999999999999 1.6629831585203183
0.00629999999999999 1.6519583262311686
0.006349999999999989 1.640525897943804
0.006399999999999989 1.628688694438838
0.006449999999999989 1.616449636369111
0.006499999999999988 1.603811743539065
0.006549999999999988 1.5907781341596512
0.006599999999999988 1.5773520240789578
0.0066499999999999875 1.5635367259887478
0.006699999999999987 1.5493356486071022
0.006749999999999987 1.53475229583737
0.006799999999999987 1.519790265903631
0.006849999999999986 1.5044532504628907
0.006899999999999986 1.4887450336942156
0.006949999999999986 1.4726694913650467
0.006999999999999985 1.4562305898749102
0.007049999999999985 1.4394323852767679
0.007099999999999985 1.4222790222762478
0.0071499999999999845 1.4047747332089988
0.007199999999999984 1.3869238369964263
0.007249999999999984 1.3687307380800615
0.007299999999999984 1.3501999253348334
0.007349999999999983 1.3313359709615036
0.007399999999999983 1.3121435293585473
0.007449999999999983 1.2926273359737466
0.007499999999999982 1.2727922061357924
0.007549999999999982 1.252643033866173
0.007599999999999982 1.232184790671647
0.0076499999999999815 1.2114225243175996
0.007699999999999981 1.190361357582581
0.007749999999999981 1.1690064869943386
0.0077999999999999806 1.1473631815476497
0.00784999999999998 1.1254367814042778
0.00789999999999998 1.1032326965753665
0.00794999999999998 1.0807564055866004
0.00799999999999998 1.058013454126461
0.008049999999999979 1.0350094536779109
0.008099999999999979 1.0117500801338446
0.008149999999999978 0.988241072396647
0.008199999999999978 0.964488230962204
0.008249999999999978 0.9404974164887182
0.008299999999999978 0.916274548350679
0.008349999999999977 0.8918256031783444
0.008399999999999977 0.8671566133830986
0.008449999999999977 0.8422736656690434
0.008499999999999976 0.8171828995311957
0.008549999999999976 0.791890505740659
0.008599999999999976 0.7664027248171434
0.008649999999999975 0.7407258454892088
0.008699999999999975 0.7148662031426183
0.008749999999999975 0.6888301782571751
0.008799999999999975 0.6626241948324341
0.008849999999999974 0.6362547188026768
0.008899999999999974 0.6097282564415387
0.008949999999999974 0.5830513527566833
0.008999999999999973 0.55623058987492
0.009049999999999973 0.529272585418162
0.009099999999999973 0.5021839908706278
0.009149999999999972 0.47497148993768656
0.009199999999999972 0.44764179689675415
0.009249999999999972 0.4202016549406455
0.009299999999999971 0.39265783451379255
0.009349999999999971 0.36501713164173866
0.009399999999999971 0.33728636625432074
0.00944999999999997 0.3094723805029538
0.00949999999999997 0.28158203707243235
0.00954999999999997 0.2536222174876658
0.00959999999999997 0.22559982041576482
0.00964999999999997 0.19752175996389884
0.009699999999999969 0.16939496397334336
0.009749999999999969 0.14122637231013865
0.009799999999999968 0.11302293515278201
0.009849999999999968 0.0847916112773749
0.009899999999999968 0.0565393663406492
0.009949999999999968 0.028273171161295657
0.009999999999999967 1.8605729711639117e-14
0.010049999999999967 -0.02827317116125845
0.010099999999999967 -0.05653936634061202
0.010149999999999966 -0.08479161127733773
0.010199999999999966 -0.11302293515274486
0.010249999999999966 -0.14122637231010154
0.010299999999999965 -0.1693949639733063
0.010349999999999965 -0.19752175996386187
0.010399999999999965 -0.22559982041572788
0.010449999999999965 -0.2536222174876289
0.010499999999999964 -0.2815820370723956
0.010549999999999964 -0.30947238050291714
0.010599999999999964 -0.33728636625428415
0.010649999999999963 -0.3650171316417022
0.010699999999999963 -0.39265783451375624
0.010749999999999963 -0.42020165494060935
0.010799999999999962 -0.4476417968967181
0.010849999999999962 -0.4749714899376507
0.010899999999999962 -0.5021839908705921
0.010949999999999962 -0.5292725854181264
0.010999999999999961 -0.5562305898748846
0.011049999999999961 -0.5830513527566481
0.01109999999999996 -0.6097282564415037
0.01114999999999996 -0.636254718802642
0.01119999999999996 -0.6626241948323995
0.01124999999999996 -0.6888301782571408
0.01129999999999996 -0.7148662031425842
0.011349999999999959 -0.7407258454891749
0.011399999999999959 -0.7664027248171099
0.011449999999999958 -0.7918905057406264
0.011499999999999958 -0.8171828995311634
0.011549999999999958 -0.8422736656690113
0.011599999999999958 -0.8671566133830667
0.011649999999999957 -0.8918256031783128
0.011699999999999957 -0.9162745483506476
0.011749999999999957 -0.9404974164886872
0.011799999999999956 -0.9644882309621734
0.011849999999999956 -0.9882410723966166
0.011899999999999956 -1.0117500801338146
0.011949999999999955 -1.035009453677881
0.011999999999999955 -1.0580134541264312
0.012049999999999955 -1.080756405586571
0.012099999999999955 -1.1032326965753376
0.012149999999999954 -1.1254367814042494
0.012199999999999954 -1.1473631815476217
0.012249999999999954 -1.169006486994311
0.012299999999999953 -1.190361357582554
0.012349999999999953 -1.2114225243175727
0.012399999999999953 -1.2321847906716203
0.012449999999999952 -1.2526430338661467
0.012499999999999952 -1.2727922061357666
0.012549999999999952 -1.2926273359737213
0.012599999999999952 -1.3121435293585222
0.012649999999999951 -1.3313359709614787
0.012699999999999951 -1.3501999253348087
0.01274999999999995 -1.3687307380800373
0.01279999999999995 -1.3869238369964025
0.01284999999999995 -1.4047747332089757
0.01289999999999995 -1.4222790222762252
0.01294999999999995 -1.4394323852767457
0.012999999999999949 -1.4562305898748882
0.013049999999999949 -1.4726694913650253
0.013099999999999948 -1.4887450336941948
0.013149999999999948 -1.5044532504628703
0.013199999999999948 -1.519790265903611
0.013249999999999948 -1.5347522958373503
0.013299999999999947 -1.5493356486070833
0.013349999999999947 -1.5635367259887294
0.013399999999999947 -1.5773520240789398
0.013449999999999946 -1.5907781341596339
0.013499999999999946 -1.6038117435390482
0.013549999999999946 -1.6164496363690946
0.013599999999999945 -1.6286886944388221
0.013649999999999945 -1.6405258979437887
0.013699999999999945 -1.6519583262311537
0.013749999999999945 -1.662983158520304
0.013799999999999944 -1.6735976745988408
0.013849999999999944 -1.68379925549375
0.013899999999999944 -1.693585384117595
0.013949999999999943 -1.702953645889571
0.013999999999999943 -1.7119017293312664
0.014049999999999943 -1.7204274266369846
0.014099999999999942 -1.7285286342184885
0.014149999999999942 -1.736203353224028
0.014199999999999942 -1.7434496900315277
0.014249999999999942 -1.7502658567158103
0.014299999999999941 -1.756650171489738
0.014349999999999941 -1.7626010591191716
0.01439999999999994 -1.7681170513116333
0.01444999999999994 -1.7731967870785872
0.01449999999999994 -1.7778390130712427
0.01454999999999994 -1.7820425838897989
0.01459999999999994 -1.785806462366056
0.014649999999999939 -1.7891297198193197
0.014699999999999939 -1.7920115362855409
0.014749999999999939 -1.7944512007196276
0.014799999999999938 -1.7964481111708865
0.014849999999999938 -1.7980017749315442
0.014899999999999938 -1.7991118086583158
0.014949999999999937 -1.7997779384669885
0.014999999999999937 -1.8
0.015049999999999937 -1.7997779384669896
0.015099999999999936 -1.799111808658318
0.015149999999999936 -1.7980017749315476
0.015199999999999936 -1.796448111170891
0.015249999999999935 -1.7944512007196332
0.015299999999999935 -1.7920115362855473
0.015349999999999935 -1.7891297198193274
0.015399999999999935 -1.7858064623660648
0.015449999999999934 -1.7820425838898089
0.015499999999999934 -1.7778390130712538
0.015549999999999934 -1.7731967870785996
0.015599999999999933 -1.7681170513116466
0.015649999999999935 -1.762601059119186
0.015699999999999936 -1.756650171489753
0.015749999999999938 -1.750265856715826
0.01579999999999994 -1.7434496900315448
0.01584999999999994 -1.7362033532240453
0.015899999999999942 -1.7285286342185064
0.015949999999999943 -1.7204274266370037
0.015999999999999945 -1.711901729331286
0.016049999999999946 -1.7029536458895915
0.016099999999999948 -1.6935853841176158
0.01614999999999995 -1.683799255493771
0.01619999999999995 -1.6735976745988628
0.016249999999999952 -1.6629831585203263
0.016299999999999953 -1.6519583262311768
0.016349999999999955 -1.640525897943812
0.016399999999999956 -1.6286886944388455
0.016449999999999958 -1.6164496363691188
0.01649999999999996 -1.6038117435390724
0.01654999999999996 -1.590778134159659
0.016599999999999962 -1.577352024078965
0.016649999999999963 -1.5635367259887543
0.016699999999999965 -1.5493356486071088
0.016749999999999966 -1.5347522958373758
0.016799999999999968 -1.5197902659036373
0.01684999999999997 -1.504453250462896
0.01689999999999997 -1.4887450336942203
0.016949999999999972 -1.4726694913650515
0.016999999999999973 -1.456230589874914
0.017049999999999975 -1.4394323852767719
0.017099999999999976 -1.422279022276251
0.017149999999999978 -1.404774733209001
0.01719999999999998 -1.3869238369964285
0.01724999999999998 -1.3687307380800626
0.017299999999999982 -1.3501999253348334
0.017349999999999983 -1.3313359709615038
0.017399999999999985 -1.3121435293585462
0.017449999999999986 -1.2926273359737457
0.017499999999999988 -1.2727922061357904
0.01754999999999999 -1.2526430338661696
0.01759999999999999 -1.2321847906716437
0.017649999999999992 -1.211422524317595
0.017699999999999994 -1.1903613575825764
0.017749999999999995 -1.1690064869943328
0.017799999999999996 -1.1473631815476426
0.017849999999999998 -1.1254367814042705
0.0179 -1.1032326965753576
0.01795 -1.0807564055865915
0.018000000000000002 -1.0580134541264508
0.018050000000000004 -1.0350094536778993
0.018100000000000005 -1.011750080133833
0.018150000000000006 -0.9882410723966338
0.018200000000000008 -0.9644882309621908
0.01825000000000001 -0.9404974164887034
0.01830000000000001 -0.9162745483506626
0.018350000000000012 -0.891825603178328
0.018400000000000014 -0.8671566133830806
0.018450000000000015 -0.8422736656690238
0.018500000000000016 -0.8171828995311761
0.018550000000000018 -0.7918905057406378
0.01860000000000002 -0.7664027248171214
0.01865000000000002 -0.740725845489185
0.018700000000000022 -0.7148662031425929
0.018750000000000024 -0.6888301782571494
0.018800000000000025 -0.6626241948324068
0.018850000000000026 -0.6362547188026493
0.018900000000000028 -0.6097282564415096
0.01895000000000003 -0.5830513527566525
0.01900000000000003 -0.556230589874889
0.019050000000000032 -0.5292725854181294
0.019100000000000034 -0.502183990870595
0.019150000000000035 -0.4749714899376521
0.019200000000000036 -0.44764179689671796
0.019250000000000038 -0.4202016549406092
0.01930000000000004 -0.3926578345137545
0.01935000000000004 -0.3650171316417005
0.019400000000000042 -0.33728636625428093
0.019450000000000044 -0.30947238050291226
0.019500000000000045 -0.28158203707239077
0.019550000000000047 -0.2536222174876225
0.019600000000000048 -0.22559982041572144
0.01965000000000005 -0.1975217599638538
0.01970000000000005 -0.16939496397329662
0.019750000000000052 -0.14122637231009186
0.019800000000000054 -0.11302293515273355
0.019850000000000055 -0.08479161127732482
0.019900000000000057 -0.05653936634059909
0.019950000000000058 -0.02827317116124393
0.02 -4.4087284769304716e-16
