0 1.7999999534413997
4.9999999999999996e-05 1.7999999524981236
9.999999999999999e-05 1.799999951498692
0.00015 1.7999999504568263
0.00019999999999999998 1.7999999493700392
0.00025 1.7999999482356506
0.00030000000000000003 1.7999999470507633
0.00035000000000000005 1.7999999458122435
0.0004000000000000001 1.7999999445167
0.0004500000000000001 1.799999943160449
0.0005000000000000001 1.7999999417394925
0.0005500000000000001 1.799999940249475
0.0006000000000000002 1.7999999386856473
0.0006500000000000002 1.7999999370428235
0.0007000000000000002 1.7999999353153262
0.0007500000000000002 1.799999933496929
0.0008000000000000003 1.7999999315807864
0.0008500000000000003 1.7999999295593607
0.0009000000000000003 1.7999999274243281
0.0009500000000000003 1.799999925166477
0.0010000000000000002 1.7999999227755836
0.0010500000000000002 1.7999999202402746
0.0011 1.7999999175478558
0.00115 1.7999999146841217
0.0012 1.7999999116331191
0.0012499999999999998 1.7999999083768774
0.0012999999999999997 1.7999999048950732
0.0013499999999999996 1.7999999011646377
0.0013999999999999996 1.7999998971592799
0.0014499999999999995 1.7999998928489016
0.0014999999999999994 1.7999998881988875
0.0015499999999999993 1.7999998831692234
0.0015999999999999992 1.7999998777134099
0.0016499999999999991 1.7999998717770873
0.001699999999999999 1.7999998652963105
0.001749999999999999 1.7999998581953265
0.0017999999999999989 1.799999850383636
0.0018499999999999988 1.7999998417516083
0.0018999999999999987 1.7999998321607946
0.0019499999999999986 1.7999998214042425
0.0019999999999999987 1.7999998089722564
0.002049999999999999 1.7975868101228423
0.002099999999999999 1.7865552910205282
0.002149999999999999 1.7598881386324057
0.0021999999999999993 2.273149768501172e-06
0.0022499999999999994 2.846922389238231e-12
0.0022999999999999995 -9.463844868339945e-15
0.0023499999999999997 5.672771741494031e-17
0.0024 5.5323457134593144e-17
0.00245 5.399603091436069e-17
0.0025 5.27494852770786e-17
0.00255 5.157733556332466e-17
0.0026000000000000003 5.0473788578597115e-17
0.0026500000000000004 4.9433653486763234e-17
0.0027000000000000006 4.8452266154816353e-17
0.0027500000000000007 4.7525424648240343e-17
0.002800000000000001 4.664933400697898e-17
0.002850000000000001 4.58205587821516e-17
0.002900000000000001 4.503598209170673e-17
0.0029500000000000012 4.4292770175310064e-17
0.0030000000000000014 4.358834160716017e-17
0.0030500000000000015 4.2920340469467614e-17
0.0031000000000000016 4.228661290621822e-17
0.0031500000000000018 4.1685186572144043e-17
0.003200000000000002 4.111425256988164e-17
0.003250000000000002 4.0572149532510625e-17
0.003300000000000002 4.005734956170913e-17
0.0033500000000000023 3.9568445775756056e-17
0.0034000000000000024 3.910414125823765e-17
0.0034500000000000025 3.8663239228923377e-17
0.0035000000000000027 3.824463428394392e-17
0.003550000000000003 3.7847304574003333e-17
0.003600000000000003 3.7470304807593124e-17
0.003650000000000003 3.7112759981620456e-17
0.003700000000000003 3.677385975498495e-17
0.0037500000000000033 3.6452853391819225e-17
0.0038000000000000035 3.6149045210664866e-17
0.0038500000000000036 3.586179048404421e-17
0.0039000000000000037 3.5590491739927304e-17
0.003950000000000004 3.53345954226589e-17
0.0040000000000000036 3.509358887614998e-17
0.004050000000000003 3.48669976166805e-17
0.004100000000000003 3.4654382866602965e-17
0.004150000000000003 3.445533932367232e-17
0.004200000000000002 3.4269493143727354e-17
0.004250000000000002 3.409650011707666e-17
0.004300000000000002 3.3936044021248405e-17
0.0043500000000000014 3.378783513479649e-17
0.004400000000000001 3.3651608898649894e-17
0.004450000000000001 3.352712471308463e-17
0.0045000000000000005 3.341416485981291e-17
0.00455 3.331253353994905e-17
0.0046 3.322205601974535e-17
0.00465 3.314257787701399e-17
0.004699999999999999 3.3073964342075813e-17
0.004749999999999999 3.3016099727921625e-17
0.004799999999999999 3.29688869450453e-17
0.004849999999999998 3.293224709712245e-17
0.004899999999999998 3.290611915437641e-17
0.004949999999999998 3.289045970209768e-17
0.0049999999999999975 3.2885242762379374e-17
0.005049999999999997 3.2890459687700716e-17
0.005099999999999997 3.2906119125544904e-17
0.005149999999999997 3.2932247053780985e-17
0.005199999999999996 3.2968886887080215e-17
0.005249999999999996 3.301609965518042e-17
0.005299999999999996 3.3073964254366196e-17
0.005349999999999995 3.314257777410285e-17
0.005399999999999995 3.3222055901357364e-17
0.005449999999999995 3.331253340576512e-17
0.0054999999999999945 3.3414164709468265e-17
0.005549999999999994 3.352712454616667e-17
0.005599999999999994 3.365160871469568e-17
0.005649999999999994 3.3787834933289976e-17
0.005699999999999993 3.393604380161719e-17
0.005749999999999993 3.4096499878688376e-17
0.005799999999999993 3.4269492885885695e-17
0.005849999999999992 3.445533904561241e-17
0.005899999999999992 3.4654382567486335e-17
0.005949999999999992 3.486699729558934e-17
0.0059999999999999915 3.50935885320808e-17
0.006049999999999991 3.53345950545154e-17
0.006099999999999991 3.559049134651237e-17
0.0061499999999999905 3.5861790064051003e-17
0.00619999999999999 3.6149044762666894e-17
0.00624999999999999 3.6452852914258956e-17
0.00629999999999999 3.677385924616138e-17
0.006349999999999989 3.711275943967492e-17
0.006399999999999989 3.74703042304933e-17
0.006449999999999989 3.7847303959525425e-17
0.006499999999999988 3.8244633629652185e-17
0.006549999999999988 3.866323853214738e-17
0.006599999999999988 3.910414051604614e-17
0.0066499999999999875 3.956844498492748e-17
0.006699999999999987 4.0057348718698006e-17
0.006749999999999987 4.0572148633409194e-17
0.006799999999999987 4.111425161037594e-17
0.006849999999999986 4.1685185547463697e-17
0.006899999999999986 4.228661181107854e-17
0.006949999999999986 4.2920339298002976e-17
0.006999999999999985 4.358834035284695e-17
0.007049999999999985 4.4292768830877226e-17
0.007099999999999985 4.5035980649031936e-17
0.0071499999999999845 4.582055723213969e-17
0.007199999999999984 4.664933233941997e-17
0.007249999999999984 4.752542285164227e-17
0.007299999999999984 4.845226421620795e-17
0.007349999999999983 4.943365139146034e-17
0.007399999999999983 5.047378630992453e-17
0.007449999999999983 5.157733310228386e-17
0.007499999999999982 5.274948260194837e-17
0.007549999999999982 5.399602800021564e-17
0.007599999999999982 5.532345396585977e-17
0.0076499999999999815 5.67390421104901e-17
0.007699999999999981 5.825099641937914e-17
0.007749999999999981 5.986859328313522e-17
0.0077999999999999806 6.160236247418455e-17
0.00784999999999998 6.34643101409883e-17
0.00789999999999998 6.546821752582095e-17
0.00794999999999998 6.763018948264338e-17
0.00799999999999998 6.997057266934183e-17
0.008049999999999979 7.252495543663618e-17
0.008099999999999979 7.541898065161671e-17
0.008149999999999978 7.94040752772047e-17
0.008199999999999978 8.979449360699438e-17
0.008249999999999978 1.4601333991370862e-16
0.008299999999999978 5.477753960542812e-16
0.008349999999999977 3.620676461364048e-15
0.008399999999999977 2.7766820055783973e-14
0.008449999999999977 2.2144108864243526e-13
0.008499999999999976 1.8054999864302048e-12
0.008549999999999976 1.5014452019847216e-11
0.008599999999999976 1.2731363244194342e-10
0.008649999999999975 1.1008954707269934e-09
0.008699999999999975 0.013360436738277415
0.008749999999999975 0.06845535054250612
0.008799999999999975 1.7999987782167046
0.008849999999999974 1.7999999146834034
0.008899999999999974 1.7999999175478552
0.008949999999999974 1.7999999202402697
0.008999999999999973 1.7999999227755796
0.009049999999999973 1.7999999251664724
0.009099999999999973 1.7999999274243235
0.009149999999999972 1.7999999295593563
0.009199999999999972 1.799999931580781
0.009249999999999972 1.7999999334969228
0.009299999999999971 1.7999999353153207
0.009349999999999971 1.7999999370428177
0.009399999999999971 1.7999999386856411
0.00944999999999997 1.7999999402494682
0.00949999999999997 1.799999941739485
0.00954999999999997 1.7999999431604423
0.00959999999999997 1.799999944516692
0.00964999999999997 1.7999999458122367
0.009699999999999969 1.7999999470507553
0.009749999999999969 1.7999999482356428
0.009799999999999968 1.799999949370032
0.009849999999999968 1.7999999504568178
0.009899999999999968 1.799999951498684
0.009949999999999968 1.7999999524981158
0.009999999999999967 1.7999999534574216
0.010049999999999967 1.7999999543787482
0.010099999999999967 1.7999999552640924
0.010149999999999966 1.799999956115316
0.010199999999999966 1.7999999569341554
0.010249999999999966 1.799999957722232
0.010299999999999965 1.799999958481062
0.010349999999999965 1.7999999592120661
0.010399999999999965 1.7999999599165724
0.010449999999999965 1.7999999605958283
0.010499999999999964 1.799999961251005
0.010549999999999964 1.7999999618832012
0.010599999999999964 1.7999999624934513
0.010649999999999963 1.7999999630827295
0.010699999999999963 1.7999999636519501
0.010749999999999963 1.7999999642019795
0.010799999999999962 1.7999999647336309
0.010849999999999962 1.7999999652476757
0.010899999999999962 1.799999965744839
0.010949999999999962 1.79999996622581
0.010999999999999961 1.7999999666912372
0.011049999999999961 1.799999967141738
0.01109999999999996 1.7999999675778948
0.01114999999999996 1.79999996800026
0.01119999999999996 1.799999968409358
0.01124999999999996 1.7999999688056867
0.01129999999999996 1.799999969189718
0.011349999999999959 1.7999999695619018
0.011399999999999959 1.7999999699226625
0.011449999999999958 1.7999999702724088
0.011499999999999958 1.7999999706115242
0.011549999999999958 1.7999999709403776
0.011599999999999958 1.7999999712593178
0.011649999999999957 1.7999999715686794
0.011699999999999957 1.7999999718687805
0.011749999999999957 1.7999999721599227
0.011799999999999956 1.799999972442396
0.011849999999999956 1.7999999727164775
0.011899999999999956 1.7999999729824283
0.011949999999999955 1.7999999732405014
0.011999999999999955 1.799999973490938
0.012049999999999955 1.7999999737339658
0.012099999999999955 1.799999973969806
0.012149999999999954 1.7999999741986679
0.012199999999999954 1.7999999744207518
0.012249999999999954 1.7999999746362516
0.012299999999999953 1.79999997484535
0.012349999999999953 1.7999999750482214
0.012399999999999953 1.7999999752450373
0.012449999999999952 1.7999999754359572
0.012499999999999952 1.7999999756211358
0.012549999999999952 1.7999999758007217
0.012599999999999952 1.7999999759748555
0.012649999999999951 1.7999999761436751
0.012699999999999951 1.799999976307308
0.01274999999999995 1.7999999764658798
0.01279999999999995 1.7999999766195118
0.01284999999999995 1.799999976768315
0.01289999999999995 1.7999999769124024
0.01294999999999995 1.799999977051877
0.012999999999999949 1.7999999771868407
0.013049999999999949 1.7999999773173885
0.013099999999999948 1.7999999774436153
0.013149999999999948 1.7999999775656064
0.013199999999999948 1.79999997768345
0.013249999999999948 1.7999999777972244
0.013299999999999947 1.7999999779070077
0.013349999999999947 1.7999999780128761
0.013399999999999947 1.799999978114898
0.013449999999999946 1.7999999782131444
0.013499999999999946 1.7999999783076777
0.013549999999999946 1.7999999783985612
0.013599999999999945 1.799999978485853
0.013649999999999945 1.7999999785696104
0.013699999999999945 1.7999999786498866
0.013749999999999945 1.799999978726734
0.013799999999999944 1.7999999788002006
0.013849999999999944 1.7999999788703314
0.013899999999999944 1.7999999789371717
0.013949999999999943 1.7999999790007633
0.013999999999999943 1.7999999790611456
0.014049999999999943 1.7999999791183545
0.014099999999999942 1.7999999791724268
0.014149999999999942 1.799999979223395
0.014199999999999942 1.7999999792712893
0.014249999999999942 1.7999999793161394
0.014299999999999941 1.7999999793579724
0.014349999999999941 1.7999999793968138
0.01439999999999994 1.799999979432685
0.01444999999999994 1.79999997946561
0.01449999999999994 1.7999999794956063
0.01454999999999994 1.7999999795226933
0.01459999999999994 1.7999999795468864
0.014649999999999939 1.7999999795681987
0.014699999999999939 1.7999999795866457
0.014749999999999939 1.7999999796022355
0.014799999999999938 1.7999999796149784
0.014849999999999938 1.7999999796248816
0.014899999999999938 1.799999979631952
0.014949999999999937 1.7999999796361918
0.014999999999999937 1.7999999796376054
0.015049999999999937 1.7999999796361918
0.015099999999999936 1.7999999796319517
0.015149999999999936 1.7999999796248813
0.015199999999999936 1.7999999796149777
0.015249999999999935 1.7999999796022343
0.015299999999999935 1.799999979586645
0.015349999999999935 1.7999999795681982
0.015399999999999935 1.7999999795468848
0.015449999999999934 1.799999979522691
0.015499999999999934 1.7999999794956056
0.015549999999999934 1.7999999794656083
0.015599999999999933 1.7999999794326829
0.015649999999999935 1.7999999793968113
0.015699999999999936 1.7999999793579704
0.015749999999999938 1.799999979316137
0.01579999999999994 1.7999999792712869
0.01584999999999994 1.7999999792233918
0.015899999999999942 1.7999999791724242
0.015949999999999943 1.7999999791183514
0.015999999999999945 1.7999999790611416
0.016049999999999946 1.7999999790007601
0.016099999999999948 1.7999999789371686
0.01614999999999995 1.7999999788703274
0.01619999999999995 1.7999999788001957
0.016249999999999952 1.7999999787267302
0.016299999999999953 1.7999999786498824
0.016349999999999955 1.7999999785696061
0.016399999999999956 1.799999978485848
0.016449999999999958 1.7999999783985552
0.01649999999999996 1.7999999783076726
0.01654999999999996 1.7999999782131388
0.016599999999999962 1.7999999781148934
0.016649999999999963 1.7999999780128701
0.016699999999999965 1.7999999779070024
0.016749999999999966 1.7999999777972184
0.016799999999999968 1.799999977683443
0.01684999999999997 1.7999999775656006
0.01689999999999997 1.7999999774436077
0.016949999999999972 1.799999977317382
0.016999999999999973 1.7999999771868334
0.017049999999999975 1.7999999770518704
0.017099999999999976 1.799999976912395
0.017149999999999978 1.7999999767683073
0.01719999999999998 1.7999999766195036
0.01724999999999998 1.7999999764658714
0.017299999999999982 1.7999999763073002
0.017349999999999983 1.799999976143666
0.017399999999999985 1.7999999759748482
0.017449999999999986 1.7999999758007137
0.017499999999999988 1.799999975621127
0.01754999999999999 1.799999975435948
0.01759999999999999 1.7999999752450278
0.017649999999999992 1.7999999750482119
0.017699999999999994 1.79999997484534
0.017749999999999995 1.7999999746362414
0.017799999999999996 1.799999974420742
0.017849999999999998 1.7999999741986574
0.0179 1.7999999739697954
0.01795 1.7999999737339558
0.018000000000000002 1.7999999734909273
0.018050000000000004 1.7999999732404908
0.018100000000000005 1.799999972982418
0.018150000000000006 1.7999999727164662
0.018200000000000008 1.7999999724423852
0.01825000000000001 1.7999999721599118
0.01830000000000001 1.7999999718687685
0.018350000000000012 1.7999999715686683
0.018400000000000014 1.7999999712593062
0.018450000000000015 1.7999999709403651
0.018500000000000016 1.799999970611512
0.018550000000000018 1.799999970272396
0.01860000000000002 1.7999999699226505
0.01865000000000002 1.7999999695618887
0.018700000000000022 1.7999999691897055
0.018750000000000024 1.7999999688056734
0.018800000000000025 1.7999999684093448
0.018850000000000026 1.7999999680002459
0.018900000000000028 1.7999999675778813
0.01895000000000003 1.7999999671417246
0.01900000000000003 1.7999999666912236
0.019050000000000032 1.7999999662257953
0.019100000000000034 1.7999999657448247
0.019150000000000035 1.7999999652476604
0.019200000000000036 1.7999999647336156
0.019250000000000038 1.7999999642019635
0.01930000000000004 1.7999999636519344
0.01935000000000004 1.7999999630827135
0.019400000000000042 1.799999962493436
0.019450000000000044 1.7999999618831848
0.019500000000000045 1.7999999612509885
0.019550000000000047 1.7999999605958117
0.019600000000000048 1.7999999599165555
0.01965000000000005 1.7999999592120486
0.01970000000000005 1.799999958481045
0.019750000000000052 1.7999999577222152
0.019800000000000054 1.799999956934138
0.019850000000000055 1.799999956115298
0.019900000000000057 1.7999999552640746
0.019950000000000058 1.7999999543787306
0.02 1.7999999534574034
