0 2.6015619472543303e-16
4.9999999999999996e-06 2.6013987056297556e-16
9.999999999999999e-06 2.60128507256413e-16
1.4999999999999999e-05 2.6012100559694647e-16
1.9999999999999998e-05 2.60116133440291e-16
2.4999999999999998e-05 2.601129865498219e-16
2.9999999999999997e-05 2.6011095794915144e-16
3.5e-05 2.6010965114686917e-16
3.9999999999999996e-05 2.601088095288716e-16
4.4999999999999996e-05 2.6013785295627563e-16
4.9999999999999996e-05 2.601968208877211e-16
5.4999999999999995e-05 2.602835387265461e-16
5.9999999999999995e-05 2.6039795015563784e-16
6.5e-05 2.6054488048098037e-16
7e-05 2.6076291961526754e-16
7.5e-05 2.610685695301303e-16
7.999999999999999e-05 2.613190922724177e-16
8.499999999999999e-05 2.614958326420708e-16
8.999999999999999e-05 2.616143340301334e-16
9.499999999999999e-05 2.616921502342974e-16
9.999999999999999e-05 2.617427677470509e-16
0.00010499999999999999 2.617755403691315e-16
0.00010999999999999999 2.6179670804125037e-16
0.00011499999999999999 2.6181036231581527e-16
0.00011999999999999999 2.618191636719749e-16
0.000125 2.618248345796966e-16
0.00013000000000000002 2.6182848761313654e-16
0.00013500000000000003 2.618308404721563e-16
0.00014000000000000004 2.6183235579113956e-16
0.00014500000000000006 2.6183333166209615e-16
0.00015000000000000007 2.618339601098351e-16
0.00015500000000000008 2.6183436481542603e-16
0.0001600000000000001 2.6183462543396517e-16
0.0001650000000000001 2.61885100208111e-16
0.00017000000000000012 2.6597717610911427e-16
0.00017500000000000013 3.832906778265808e-16
0.00018000000000000015 1.1722693698566667e-14
0.00018500000000000016 0.005515365839878425
0.00019000000000000017 0.205288071968788
0.00019500000000000019 0.8482193415327552
0.0002000000000000002 1.4588915444953554
0.0002050000000000002 1.7912348025543419
0.00021000000000000023 1.9341213492442313
0.00021500000000000024 1.981250905090515
0.00022000000000000025 1.9948310211124434
0.00022500000000000026 1.9984538849642102
0.00023000000000000028 1.999379372853474
0.0002350000000000003 1.9996119812061348
0.0002400000000000003 1.9996714951669563
0.0002450000000000003 1.999687917947249
0.00025000000000000033 1.9996932549597117
0.00025500000000000034 1.9996954479658493
0.00026000000000000036 1.9996965653021246
0.00026500000000000037 1.9996972145756684
0.0002700000000000004 1.9996976157206654
0.0002750000000000004 1.9996978698360564
0.0002800000000000004 1.9996980323840423
0.0002850000000000004 1.9996981367539088
0.00029000000000000044 1.999698203870489
0.00029500000000000045 1.9996982470589397
0.00030000000000000046 1.999698274858489
0.0003050000000000005 1.999698292755323
0.0003100000000000005 1.9996983042780048
0.0003150000000000005 1.9996983116971658
0.0003200000000000005 1.9996983164743434
0.00032500000000000053 1.9996983195504285
0.00033000000000000054 1.999698321531191
0.00033500000000000055 1.999698322806664
0.00034000000000000057 1.999698323627987
0.0003450000000000006 1.9996983241568689
0.0003500000000000006 1.9996983244974378
0.0003550000000000006 1.9996983247167448
0.0003600000000000006 1.999698324857966
0.00036500000000000063 1.9996983249489055
0.00037000000000000065 1.9996979267869104
0.00037500000000000066 1.9996927219696996
0.00038000000000000067 1.9996745327186314
0.0003850000000000007 1.9996040793106409
0.0003900000000000007 1.9994747168253724
0.0003950000000000007 1.9994260344369124
0.0004000000000000007 1.9994077142337792
0.00040500000000000074 1.9994008200215556
0.00041000000000000075 1.9993982256202387
0.00041500000000000076 1.9993972493086505
0.0004200000000000008 1.99939688190884
0.0004250000000000008 1.9993967436515134
0.0004300000000000008 1.9993966916237416
0.0004350000000000008 1.999396672045277
0.00044000000000000083 1.9993966646778518
0.00044500000000000084 1.9993966619055408
0.00045000000000000086 1.9993966608623834
0.00045500000000000087 1.9993966604698956
0.0004600000000000009 1.9993966603222402
0.0004650000000000009 1.999396660266704
0.0004700000000000009 1.9993966602458229
0.0004750000000000009 1.9993966602379771
0.00048000000000000093 1.999396660235032
0.00048500000000000095 1.9993966602339286
0.000490000000000001 1.9993966602335165
0.000495000000000001 1.9993966602333637
0.000500000000000001 1.9993966602333078
0.000505000000000001 1.9993966602332873
0.000510000000000001 1.9993966602332802
0.000515000000000001 1.9993966602332778
0.000520000000000001 1.999396660233277
0.000525000000000001 1.999396660233277
0.0005300000000000011 1.999396660233277
0.0005350000000000011 1.9993966602332771
0.0005400000000000011 1.9993966602332771
0.0005450000000000011 1.9993966602332771
0.0005500000000000011 1.9993966602332773
0.0005550000000000011 1.9993966602332771
0.0005600000000000011 1.9993966602332771
0.0005650000000000012 1.9993966602333142
0.0005700000000000012 1.9993966602333788
0.0005750000000000012 1.9993966602334685
0.0005800000000000012 1.9993966602335906
0.0005850000000000012 1.999395361010969
0.0005900000000000012 1.9993436547473469
0.0005950000000000012 1.9389264427923767
0.0006000000000000012 1.5837719259730034
0.0006050000000000013 1.1906781152216561
0.0006100000000000013 0.850115115116938
0.0006150000000000013 0.5862521956477339
0.0006200000000000013 0.3949718271480281
0.0006250000000000013 0.26199179623195556
0.0006300000000000013 0.1720014835934072
0.0006350000000000013 0.11215916116445163
0.0006400000000000014 0.07281423749963759
0.0006450000000000014 0.04713562457560633
0.0006500000000000014 0.030456027758351923
0.0006550000000000014 0.019655053844277324
0.0006600000000000014 0.012674695924112566
0.0006650000000000014 0.008169266244912154
0.0006700000000000014 0.005263663913750067
0.0006750000000000014 0.0033908046958019363
0.0006800000000000015 0.0021840325745676927
0.0006850000000000015 0.0014066236057400708
0.0006900000000000015 0.0009058838336173945
0.0006950000000000015 0.0005833800098042914
0.0007000000000000015 0.00037568213908704696
0.0007050000000000015 0.00024192630582599167
0.0007100000000000015 0.00015579068269374458
0.0007150000000000016 0.00010032223262371549
0.0007200000000000016 6.460277478648134e-05
0.0007250000000000016 4.160102628817169e-05
0.0007300000000000016 2.6788981492293843e-05
0.0007350000000000016 1.725074673305653e-05
0.0007400000000000016 1.1108599246672108e-05
0.0007450000000000016 7.153367031986674e-06
0.0007500000000000016 4.606399444959916e-06
0.0007550000000000017 2.9662831338775354e-06
0.0007600000000000017 1.910132784270603e-06
0.0007650000000000017 1.2300265393004052e-06
0.0007700000000000017 7.920725317354164e-07
0.0007750000000000017 5.100520960536417e-07
0.0007800000000000017 3.284458232966889e-07
0.0007850000000000017 2.1150198105235457e-07
0.0007900000000000017 1.3619739553775757e-07
0.0007950000000000018 8.770533330449345e-08
0.0008000000000000018 5.647882631987046e-08
0.0008050000000000018 3.63702241710866e-08
0.0008100000000000018 2.3421056224677696e-08
0.0008150000000000018 1.508228109670944e-08
0.0008200000000000018 9.712423323783114e-09
0.0008250000000000018 6.254436442222308e-09
0.0008300000000000019 4.027622602038232e-09
0.0008350000000000019 2.5936380048553897e-09
0.0008400000000000019 1.67020570242351e-09
0.0008450000000000019 1.0755499301301417e-09
0.0008500000000000019 6.926139133655581e-10
0.0008550000000000019 4.4601747928988304e-10
0.0008600000000000019 2.8721862350789795e-10
0.0008650000000000019 1.8495811559726538e-10
0.000870000000000002 1.191061834372879e-10
0.000875000000000002 7.670000868061489e-11
0.000880000000000002 4.9392022437885875e-11
0.000885000000000002 3.18067033915752e-11
0.000890000000000002 2.0482417403920713e-11
0.000895000000000002 1.3190001907095536e-11
0.000900000000000002 8.493959804640563e-12
0.000905000000000002 5.469884799916563e-12
0.0009100000000000021 3.522493904632498e-12
0.0009150000000000021 2.2684471984133045e-12
0.0009200000000000021 1.4608881484109434e-12
0.0009250000000000021 9.408504049948445e-13
0.0009300000000000021 6.059656005009918e-13
0.0009350000000000021 3.9031234513497466e-13
0.0009400000000000021 2.514397360291396e-13
0.0009450000000000022 1.620109837150182e-13
0.0009500000000000022 1.0442222094924172e-13
0.0009550000000000022 6.73372174009012e-14
0.0009600000000000022 4.345586586407461e-14
0.0009650000000000022 2.807730622874014e-14
0.0009700000000000022 1.8182274519189526e-14
0.0009750000000000022 1.195603469436686e-14
0.0009800000000000021 1.926608305016718e-14
0.0009850000000000021 0.0055153668898122446
0.0009900000000000022 0.2052880786191431
0.0009950000000000028 1.5271697109099507
0.0010000000000000035 1.8736584834510934
0.0010050000000000042 1.9783476004151086
0.0010100000000000048 1.9971612904694847
0.0010150000000000055 1.9994207297446445
0.0010200000000000061 1.9996470265981137
0.0010295000000000068 1.9996844184152671
0.0010345000000000068 1.9996895883584398
0.0010395000000000068 1.9996927686335046
0.0010445000000000068 1.9996947707942379
0.0010495000000000068 1.9996960449814178
0.0010545000000000068 1.999696860147056
0.0010595000000000068 1.9996973830703526
0.0010645000000000068 1.999697719023621
0.0010695000000000069 1.9996979350450754
0.0010745000000000069 1.9996980740223909
0.0010795000000000069 1.9996981634628397
0.001084500000000007 1.9996982210353282
0.001089500000000007 1.999698258099529
0.001094500000000007 1.9996982819629285
0.001099500000000007 1.999698297328008
0.001104500000000007 1.9996983072215915
0.001109500000000007 1.999698313592233
0.001114500000000007 1.9996983176944605
0.001119500000000007 1.9996983203360241
0.001124500000000007 1.9996983220370281
0.001129500000000007 1.9996983231323764
0.001134500000000007 1.9996983238377186
0.001139500000000007 1.9996983242919204
0.001144500000000007 1.9996983245844018
0.001149500000000007 1.9996983247727442
0.001154500000000007 1.9996983248940268
0.001159500000000007 1.999698324972126
0.0011645000000000071 1.999698325022418
0.0011695000000000071 1.999698102197763
0.0011745000000000071 1.9996936419449058
0.0011795000000000071 1.9996774370331087
0.0011845000000000072 1.9996154252818445
0.0011895000000000072 1.9994789868477163
0.0011945000000000072 1.9994276413984595
0.0011995000000000072 1.9994083189772307
0.0012045000000000072 1.9994010476020927
0.0012095000000000072 1.9993983112653964
0.0012145000000000072 1.999397281540145
0.0012195000000000073 1.9993968940392655
0.0012245000000000073 1.9993967482171617
0.0012295000000000073 1.9993966933423681
0.0012345000000000073 1.999396672692346
0.0012395000000000073 1.999396664921562
0.0012445000000000073 1.9993966619973864
0.0012495000000000073 1.9993966608970326
0.0012545000000000073 1.99939666048299
0.0012595000000000074 1.9993966603272035
0.0012645000000000074 1.9993966602685949
0.0012695000000000074 1.9993966602465492
0.0012745000000000074 1.99939666023826
0.0012795000000000074 1.9993966602351452
0.0012845000000000074 1.9993966602339752
0.0012895000000000074 1.9993966602335367
0.0012945000000000075 1.9993966602333728
0.0012995000000000075 1.9993966602333118
0.0013045000000000075 1.9993966602332893
0.0013095000000000075 1.9993966602332813
0.0013145000000000075 1.9993966602332787
0.0013195000000000075 1.9993966602332776
0.0013245000000000075 1.9993966602332773
0.0013295000000000075 1.9993966602332771
0.0013345000000000076 1.9993966602332773
0.0013395000000000076 1.9993966602332773
0.0013445000000000076 1.9993966602332773
0.0013495000000000076 1.9993966602332773
0.0013545000000000076 1.9993966602332771
0.0013595000000000076 1.9993966602332773
0.0013645000000000076 1.9993966602333102
0.0013695000000000076 1.9993966602333713
0.0013745000000000077 1.9993966602334585
0.0013795000000000077 1.9993966602335769
0.0013845000000000077 1.9993963132677166
0.0013895000000000077 1.999354617812874
0.0013945000000000077 1.960799044631934
0.0013995000000000077 1.625404828712733
0.0014045000000000077 1.230228006698399
0.0014095000000000078 0.8823214865301857
0.0014145000000000078 0.6103084141130701
0.0014195000000000078 0.4120143050213435
0.0014245000000000078 0.2736654494606254
0.0014295000000000078 0.17982541620849063
0.0014345000000000078 0.11732939241732505
0.0014395000000000078 0.07619970439609126
0.0014445000000000078 0.04933932989864289
0.0014495000000000079 0.03188500463559751
0.0014545000000000079 0.020579371299288596
0.0014595000000000079 0.013271629670617324
0.001464500000000008 0.008554376776767044
0.001469500000000008 0.005511952552060601
0.001474500000000008 0.0035508131812727094
0.001479500000000008 0.002287120980647164
0.001484500000000008 0.0014730284494029384
0.001489500000000008 0.0009486539252275144
0.001494500000000008 0.0006109253865574073
0.001499500000000008 0.00039342144893629566
0.001504500000000008 0.0002533501297109089
0.001509500000000008 0.00016314729321182276
0.001514500000000008 0.00010505961614374666
0.001519500000000008 6.765344874702631e-05
0.001524500000000008 4.356552058089068e-05
0.001529500000000008 2.805402156692883e-05
0.001534500000000008 1.8065370080113118e-05
0.001539500000000008 1.1633175726980544e-05
0.001544500000000008 7.491167608102932e-06
0.0015495000000000081 4.8239257111097554e-06
0.0015545000000000081 3.1063588535359852e-06
0.0015595000000000081 2.000334316564734e-06
0.0015645000000000082 1.2881116606084978e-06
0.0015695000000000082 8.29476498969355e-07
0.0015745000000000082 5.341383351325889e-07
0.0015795000000000082 3.439560480359089e-07
0.0015845000000000082 2.2148960633417062e-07
0.0015895000000000082 1.4262891752982704e-07
0.0015945000000000082 9.184689065874544e-08
0.0015995000000000083 5.914583196297613e-08
0.0016045000000000083 3.8087675050786735e-08
0.0016095000000000083 2.4527029968392835e-08
0.0016145000000000083 1.5794486654743258e-08
0.0016195000000000083 1.0171056979995054e-08
0.0016245000000000083 6.549779313892403e-09
0.0016295000000000083 4.217812334777696e-09
0.0016345000000000083 2.716113060152782e-09
0.0016395000000000084 1.7490750449931785e-09
0.0016445000000000084 1.1263388290142146e-09
0.0016495000000000084 7.253200595818919e-10
0.0016545000000000084 4.670790109205326e-10
0.0016595000000000084 3.007814600368316e-10
0.0016645000000000084 1.9369207369365937e-10
0.0016695000000000084 1.2473052491378894e-10
0.0016745000000000084 8.032187366953507e-11
0.0016795000000000085 5.17243676649135e-11
0.0016845000000000085 3.33086462510299e-11
0.0016895000000000085 2.144961228009956e-11
0.0016945000000000085 1.3812839135966365e-11
0.0016995000000000085 8.895043622619089e-12
0.0017045000000000085 5.728167737395698e-12
0.0017095000000000085 3.688818430336483e-12
0.0017145000000000086 2.3755539555249023e-12
0.0017195000000000086 1.5298608833122136e-12
0.0017245000000000086 9.852662596808723e-13
0.0017295000000000086 6.345677452515815e-13
0.0017345000000000086 4.087310537271342e-13
0.0017395000000000086 2.6330069363078547e-13
0.0017445000000000086 1.6964899560516352e-13
0.0017495000000000086 1.0934081416855356e-13
0.0017545000000000087 7.050460697884543e-14
0.0017595000000000087 4.549554596997964e-14
0.0017645000000000087 2.939077212553061e-14
0.0017695000000000087 1.902461133574624e-14
0.0017745000000000087 1.2462510509477126e-14
0.0017795000000000087 1.4107244422821768e-14
0.0017845000000000087 0.001475955058906804
0.0017895000000000087 0.1666181165741508
0.0017945000000000088 0.7667456865390287
0.0017995000000000088 1.4077224202449
0.0018045000000000088 1.7636079449638193
0.0018095000000000088 1.9240629780972978
0.0018145000000000088 1.9781968926922537
0.0018195000000000088 1.9939913495641144
0.0018245000000000088 1.9982358583478117
0.0018295000000000089 1.9993243551482789
0.0018345000000000089 1.999598088823984
0.0018395000000000089 1.9996678229414389
0.001844500000000009 1.999686821497412
0.001849500000000009 1.9996928507974656
0.001854500000000009 1.9996952592687856
0.001859500000000009 1.9996964607831482
0.001864500000000009 1.9996971513412547
0.001869500000000009 1.9996975759950535
0.001874500000000009 1.9996978445062308
0.001879500000000009 1.9996980161402405
0.001884500000000009 1.99969812631327
0.001889500000000009 1.9996981971535126
0.001894500000000009 1.9996982427357697
0.001899500000000009 1.999698272075445
0.001904500000000009 1.9996982909635372
0.001909500000000009 1.9996983031243367
0.001914500000000009 1.9996983109543283
0.001919500000000009 1.9996983159960235
0.001924500000000009 1.999698319242429
0.0019295000000000091 1.9996983213328614
0.0019345000000000091 1.9996983226789529
0.0019395000000000091 1.9996983235457482
0.0019445000000000092 1.999698324103912
0.0019495000000000092 1.999698324463336
0.001954500000000009 1.9996983246947855
0.001959500000000009 1.9996983248438256
0.0019645000000000088 1.9996983249397993
0.0019695000000000086 1.999698102144496
0.0019745000000000084 1.9996936419097602
0.001979500000000008 1.999677437008344
0.001984500000000008 1.9996154252600769
0.0019895000000000078 1.9994789868229508
0.0019945000000000076 1.999427641377494
0.0019995000000000073 1.9994083189615883
0.002004500000000007 1.9994010475911526
0.002009500000000007 1.9993983112580103
0.0020145000000000067 1.999397281535257
0.0020195000000000065 1.999396894036067
0.0020245000000000063 1.999396748215083
0.002029500000000006 1.999396693341022
0.002034500000000006 1.999396672691477
0.0020395000000000057 1.9993966649210013
0.0020445000000000055 1.9993966619970251
0.0020495000000000053 1.9993966608967995
0.002054500000000005 1.9993966604828401
0.002059500000000005 1.9993966603271072
0.0020645000000000047 1.9993966602685322
0.0020695000000000045 1.9993966602465094
0.0020745000000000043 1.9993966602382338
0.002079500000000004 1.999396660235128
0.002084500000000004 1.9993966602339646
0.0020895000000000037 1.99939666023353
0.0020945000000000035 1.9993966602333684
0.0020995000000000033 1.999396660233309
0.002104500000000003 1.9993966602332875
0.002109500000000003 1.99939666023328
0.0021145000000000027 1.999396660233278
0.0021195000000000025 1.9993966602332771
0.0021245000000000023 1.9993966602332773
0.002129500000000002 1.999396660233277
0.002134500000000002 1.9993966602332776
0.0021395000000000016 1.9993966602332773
0.0021445000000000014 1.9993966602332776
0.0021495000000000012 1.9993966602332776
0.002154500000000001 1.9993966602332771
0.002159500000000001 1.9993966602332773
0.0021645000000000006 1.9993966602333104
0.0021695000000000004 1.9993966602333715
0.0021745000000000002 1.9993966602334583
0.0021795 1.9993966602335767
0.0021845 1.9993963132677166
0.0021894999999999996 1.9993546178128745
0.0021944999999999994 1.960799044632226
0.002199499999999999 1.6254048287133702
0.002204499999999999 1.2302280066990168
0.002209499999999999 0.8823214865306895
0.0022144999999999986 0.6103084141134486
0.0022194999999999984 0.4120143050216124
0.002224499999999998 0.27366544946080973
0.002229499999999998 0.1798254162086143
0.0022344999999999978 0.11732939241740682
0.0022394999999999976 0.07619970439614482
0.0022444999999999974 0.04933932989867778
0.002249499999999997 0.03188500463562013
0.002254499999999997 0.02057937570260552
0.0022594999999999968 0.013271633278864648
0.0022644999999999966 0.008554378972489243
0.0022694999999999963 0.0055119539905529626
0.002274499999999996 0.0035508141083191087
0.002279499999999996 0.002287121577920689
0.0022844999999999957 0.0014730288341421103
0.0022894999999999955 0.0009486541730318457
0.0022944999999999953 0.0006109255461522155
0.002299499999999995 0.0003934215517160603
0.002304499999999995 0.0002533501958994716
0.0023094999999999947 0.00016314733583536805
0.0023144999999999945 0.00010505964359173875
0.0023194999999999943 6.765346642237448e-05
0.002324499999999994 4.356553196300774e-05
0.002329499999999994 2.805402889646717e-05
0.0023344999999999937 1.8065374799974345e-05
0.0023394999999999935 1.1633178766334062e-05
0.0023444999999999933 7.491169565292105e-06
0.002349499999999993 4.8239269714393486e-06
0.002354499999999993 3.106359665123388e-06
0.0023594999999999927 2.0003348391851296e-06
0.0023644999999999925 1.2881119971490035e-06
0.0023694999999999923 8.294767156838485e-07
0.002374499999999992 5.341384746850969e-07
0.002379499999999992 3.4395613790014025e-07
0.0023844999999999917 2.2148966420201104e-07
0.0023894999999999915 1.4262895479400261e-07
0.0023944999999999913 9.184691465527257e-08
0.002399499999999991 5.9145847415808097e-08
0.002404499999999991 3.808768500182512e-08
0.0024094999999999906 2.4527036376487206e-08
0.0024144999999999904 1.5794490781315482e-08
0.0024194999999999902 1.0171059637352763e-08
0.00242449999999999 6.549781025131105e-09
0.00242949999999999 4.2178134367512436e-09
0.0024344999999999896 2.7161137697824214e-09
0.0024394999999999894 1.7490755019680537e-09
0.002444499999999989 1.1263391232888967e-09
0.002449499999999989 7.253202490837515e-10
0.002454499999999989 4.670791329526234e-10
0.0024594999999999886 3.007815386209218e-10
0.0024644999999999884 1.936921242988665e-10
0.002469499999999988 1.2473055750164456e-10
0.002474499999999988 8.032189465489198e-11
0.002479499999999988 5.1724381178696363e-11
0.0024844999999999876 3.330865495339928e-11
0.0024894999999999874 2.144961788409908e-11
0.002494499999999987 1.3812842744731897e-11
0.002499499999999987 8.895045946528759e-12
0.0025044999999999868 5.728169233906374e-12
0.0025094999999999866 3.688819394033236e-12
0.0025144999999999864 2.37555457610947e-12
0.002519499999999986 1.529861282945403e-12
0.002524499999999986 9.852665170296593e-13
0.0025294999999999858 6.345679109745493e-13
0.0025344999999999855 4.0873116044651043e-13
0.0025394999999999853 2.6330076235406163e-13
0.002544499999999985 1.6964903986037612e-13
0.002549499999999985 1.093408426672508e-13
0.0025544999999999847 7.050462533093774e-14
0.0025594999999999845 4.5495557788038856e-14
0.0025644999999999843 2.939077973593817e-14
0.002569499999999984 1.902461623722467e-14
0.002574499999999984 1.2462513674004952e-14
0.0025794999999999837 1.4107246482400496e-14
0.0025844999999999835 0.001475955058770074
0.0025894999999999833 0.16661811657233716
0.002594499999999983 0.7667456865349735
0.002599499999999983 1.407722420242267
0.0026044999999999827 1.7636079449623694
0.0026094999999999825 1.92406297809676
0.0026144999999999823 1.9781968926920883
0.002619499999999982 1.9939913495640684
0.002624499999999982 1.9982358583477995
0.0026294999999999817 1.999324355148276
0.0026344999999999815 1.9995980888239828
0.0026394999999999813 1.9996678229414393
0.002644499999999981 1.9996868214974113
0.002649499999999981 1.9996928507974652
0.0026544999999999807 1.9996952592687856
0.0026594999999999805 1.9996964607831482
0.0026644999999999803 1.9996971513412547
0.00266949999999998 1.999697575995017
0.00267449999999998 1.9996978445062203
0.0026794999999999796 1.9996980161402373
0.0026844999999999794 1.9996981263132683
0.0026894999999999792 1.9996981971535115
0.002694499999999979 1.9996982427357688
0.002699499999999979 1.9996982720754448
0.0027044999999999786 1.9996982909635368
0.0027094999999999784 1.9996983031243367
0.002714499999999978 1.9996983109543283
0.002719499999999978 1.9996983159960235
0.002724499999999978 1.999698319242429
0.0027294999999999776 1.9996983213328612
0.0027344999999999774 1.9996983226789529
0.002739499999999977 1.9996983235457482
0.002744499999999977 1.999698324103912
0.002749499999999977 1.9996983244633364
0.0027544999999999766 1.9996983246947855
0.0027594999999999764 1.9996983248438254
0.002764499999999976 1.9996983249397997
0.002769499999999976 1.9996981021444962
0.0027744999999999758 1.9996936419097597
0.0027794999999999756 1.999677437008344
0.0027844999999999754 1.999615425260077
0.002789499999999975 1.9994789868230671
0.002794499999999975 1.9994276413775385
0.0027994999999999748 1.9994083189616052
0.0028044999999999745 1.999401047591159
0.0028094999999999743 1.999398311258013
0.002814499999999974 1.9993972815352576
0.002819499999999974 1.9993968940360671
0.0028244999999999737 1.999396748215083
0.0028294999999999735 1.999396693341022
0.0028344999999999733 1.999396672691477
0.002839499999999973 1.9993966649210018
0.002844499999999973 1.999396661997025
0.0028494999999999727 1.9993966608967997
0.0028544999999999725 1.9993966604828401
0.0028594999999999723 1.9993966603271072
0.002864499999999972 1.999396660268533
0.002869499999999972 1.99939666024651
0.0028744999999999717 1.9993966602382347
0.0028794999999999715 1.9993966602351283
0.0028844999999999713 1.9993966602339646
0.002889499999999971 1.99939666023353
0.002894499999999971 1.9993966602333686
0.0028994999999999707 1.999396660233309
0.0029044999999999705 1.9993966602332875
0.0029094999999999703 1.99939666023328
0.00291449999999997 1.9993966602332782
0.00291949999999997 1.9993966602332771
0.0029244999999999697 1.9993966602332771
0.0029294999999999695 1.999396660233277
0.0029344999999999693 1.9993966602332771
0.002939499999999969 1.9993966602332771
0.002944499999999969 1.9993966602332773
0.0029494999999999686 1.9993966602332771
0.0029544999999999684 1.9993966602332773
0.0029594999999999682 1.9993966602332773
0.002964499999999968 1.99939666023331
0.002969499999999968 1.999396660233371
0.0029744999999999676 1.9993966602334587
0.0029794999999999674 1.9993966602335769
0.002984499999999967 1.9993963132677164
0.002989499999999967 1.9993546178128747
0.002994499999999967 1.9607990446334407
0.0029994999999999666 1.6254048287160219
0.0030044999999999664 1.230228006701558
0.003009499999999966 0.8823214865327801
0.003014499999999966 0.6103084141150158
0.003019499999999966 0.41201430502272507
0.0030244999999999656 0.273665449461573
0.0030294999999999654 0.17982541620912637
0.003034499999999965 0.1173293924177454
0.003039499999999965 0.07619970439636664
0.0030444999999999648 0.04933932989881992
0.0030494999999999646 0.031885004635712325
0.0030544999999999644 0.020579375702665156
0.003059499999999964 0.013271633278903168
0.003064499999999964 0.008554378972514095
0.0030694999999999638 0.005511953990568987
0.0030744999999999635 0.0035508141122642645
0.0030794999999999633 0.0022871215804624576
0.003084499999999963 0.001473028835779414
0.003089499999999963 0.0009486541740864067
0.0030944999999999627 0.0006109255468313902
0.0030994999999999625 0.00039342155215345173
0.0031044999999999623 0.0002533501961811449
0.003109499999999962 0.0001631473360167576
0.003114499999999962 0.00010505964370854694
0.0031194999999999617 6.765346649759402e-05
0.0031244999999999615 4.3565532011445715e-05
0.0031294999999999613 2.80540289276589e-05
0.003134499999999961 1.806537482006028e-05
0.003139499999999961 1.16331787792684e-05
0.0031444999999999607 7.491169573621162e-06
0.0031494999999999605 4.823926976802837e-06
0.0031544999999999603 3.106359668577199e-06
0.00315949999999996 2.000334841409206e-06
0.00316449999999996 1.2881119985811937e-06
0.0031694999999999597 8.294767166061042e-07
0.0031744999999999595 5.3413847527898e-07
0.0031794999999999593 3.439561382825687e-07
0.003184499999999959 2.214896644482749e-07
0.003189499999999959 1.4262895495258497e-07
0.0031944999999999587 9.184691475739277e-08
0.0031994999999999585 5.914584748156952e-08
0.0032044999999999582 3.808768504417298e-08
0.003209499999999958 2.452703640375763e-08
0.003214499999999958 1.5794490798876613e-08
0.0032194999999999576 1.0171059648661473e-08
0.0032244999999999574 6.549781032413489e-09
0.0032294999999999572 4.2178134414408266e-09
0.003234499999999957 2.7161137728023366e-09
0.003239499999999957 1.7490755039127667e-09
0.0032444999999999566 1.1263391245412194e-09
0.0032494999999999564 7.253202498902001e-10
0.003254499999999956 4.67079133471946e-10
0.003259499999999956 3.0078153895534606e-10
0.003264499999999956 1.9369212451422315e-10
0.0032694999999999556 1.2473055764032617e-10
0.0032744999999999554 8.032189474419776e-11
0.003279499999999955 5.172438123620594e-11
0.003284499999999955 3.3308654990433286e-11
0.003289499999999955 2.1449617907947593e-11
0.0032944999999999546 1.3812842760089438e-11
0.0032994999999999544 8.895045956418438e-12
0.003304499999999954 5.728169240274955e-12
0.003309499999999954 3.6888193981343645e-12
0.0033144999999999538 2.3755545787504435e-12
0.0033194999999999536 1.5298612846460908e-12
0.0033244999999999534 9.852665181248384e-13
0.003329499999999953 6.345679116798037e-13
0.003334499999999953 4.087311609006679e-13
0.0033394999999999527 2.633007626465221e-13
0.0033444999999999525 1.6964904004870976e-13
0.0033494999999999523 1.0934084278853062e-13
0.003354499999999952 7.050462540903735e-14
0.003359499999999952 4.5495557838332096e-14
0.0033644999999999517 2.93907797683252e-14
0.0033694999999999515 1.902461625808331e-14
0.0033744999999999513 1.2462513687469778e-14
0.003379499999999951 1.410724649092458e-14
0.003384499999999951 0.001475955058592762
0.0033894999999999507 0.166618116569991
0.0033944999999999505 0.7667456865297321
0.0033994999999999503 1.4077224202388687
0.00340449999999995 1.7636079449605009
0.00340949999999995 1.9240629780960676
0.0034144999999999497 1.9781968926918765
0.0034194999999999495 1.9939913495640098
0.0034244999999999493 1.9982358583477844
0.003429499999999949 1.9993243551482724
0.003434499999999949 1.999598088823982
0.0034394999999999487 1.9996678229414386
0.0034444999999999485 1.9996868214974113
0.0034494999999999483 1.9996928507974652
0.003454499999999948 1.9996952592687853
0.003459499999999948 1.9996964607831484
0.0034644999999999477 1.9996971513410242
0.0034694999999999475 1.9996975759949875
0.0034744999999999472 1.9996978445062135
0.003479499999999947 1.9996980161402311
0.003484499999999947 1.9996981263132643
0.0034894999999999466 1.9996981971535093
0.0034944999999999464 1.999698242735768
0.0034994999999999462 1.9996982720754437
0.003504499999999946 1.9996982909635366
0.003509499999999946 1.9996983031243365
0.0035144999999999456 1.9996983109543285
0.0035194999999999454 1.9996983159960233
0.003524499999999945 1.9996983192424287
0.003529499999999945 1.9996983213328616
0.003534499999999945 1.9996983226789529
0.0035394999999999446 1.9996983235457482
0.0035444999999999444 1.9996983241039121
0.003549499999999944 1.9996983244633364
0.003554499999999944 1.9996983246947855
0.003559499999999944 1.9996983248438256
0.0035644999999999436 1.9996983249398
0.0035694999999999434 1.9996981021444966
0.003574499999999943 1.999693641905046
0.003579499999999943 1.9996774370062431
0.0035844999999999428 1.9996154252581728
0.0035894999999999426 1.9994789868222342
0.0035944999999999424 1.9994276413772247
0.003599499999999942 1.9994083189614873
0.003604499999999942 1.9994010475911146
0.0036094999999999417 1.999398311257996
0.0036144999999999415 1.9993972815352519
0.0036194999999999413 1.999396894036065
0.003624499999999941 1.9993967482150816
0.003629499999999941 1.9993966933410212
0.0036344999999999407 1.9993966726914763
0.0036394999999999405 1.9993966649210013
0.0036444999999999403 1.9993966619970247
0.00364949999999994 1.9993966608967995
0.00365449999999994 1.9993966604828395
0.0036594999999999397 1.999396660327107
0.0036644999999999395 1.9993966602685325
0.0036694999999999393 1.9993966602465094
0.003674499999999939 1.9993966602382345
0.003679499999999939 1.999396660235128
0.0036844999999999387 1.9993966602339643
0.0036894999999999385 1.9993966602335298
0.0036944999999999383 1.9993966602333684
0.003699499999999938 1.999396660233309
0.003704499999999938 1.9993966602332878
0.0037094999999999377 1.9993966602332802
0.0037144999999999375 1.9993966602332776
0.0037194999999999373 1.999396660233277
0.003724499999999937 1.9993966602332771
0.003729499999999937 1.9993966602332771
0.0037344999999999367 1.9993966602332771
0.0037394999999999365 1.9993966602332771
0.0037444999999999362 1.9993966602332773
0.003749499999999936 1.9993966602332776
0.003754499999999936 1.9993966602332771
0.0037594999999999356 1.9993966602332771
0.0037644999999999354 1.99939666023331
0.0037694999999999352 1.999396660233371
0.003774499999999935 1.9993966602334585
0.003779499999999935 1.9993966602335769
0.0037844999999999346 1.9993963132677164
0.0037894999999999344 1.9993546178128756
0.003794499999999934 1.9607990446346557
0.003799499999999934 1.625404828718674
0.003804499999999934 1.230228006704107
0.0038094999999999336 0.8823214865348467
0.0038144999999999334 0.6103084141165643
0.003819499999999933 0.41201430502382447
0.003824499999999933 0.2736654494623272
0.003829499999999933 0.17982541620963222
0.0038344999999999326 0.11732939241591359
0.0038394999999999324 0.07619970439509394
0.003844499999999932 0.049339329897991224
0.003849499999999932 0.031885004635174866
0.0038544999999999318 0.02057937570231747
0.0038594999999999316 0.013271632514333382
0.0038644999999999314 0.008554378479232395
0.003869499999999931 0.005511953649705282
0.003874499999999931 0.003550813892592278
0.0038794999999999307 0.002287121438933121
0.0038844999999999305 0.0014730287446120046
0.0038894999999999303 0.0009486541153669406
0.00389449999999993 0.0006109255090139645
0.00389949999999993 0.0003934215277988617
0.0039044999999999297 0.00025335018049716946
0.0039094999999999295 0.00016314732591672505
0.003914499999999929 0.00010505963720449824
0.003919499999999929 6.765346230926126e-05
0.003924499999999929 4.356552931435069e-05
0.003929499999999929 2.805402719085886e-05
0.0039344999999999285 1.8065373701646702e-05
0.003939499999999928 1.1633178059066237e-05
0.003944499999999928 7.491169109847579e-06
0.003949499999999928 4.823926678156398e-06
0.003954499999999928 3.106359476264261e-06
0.0039594999999999275 2.0003347175696e-06
0.003964499999999927 1.2881119188348925e-06
0.003969499999999927 8.294766652536547e-07
0.003974499999999927 5.341384422107576e-07
0.003979499999999927 3.439561169884306e-07
0.0039844999999999265 2.2148965073596944e-07
0.003989499999999926 1.4262894612250327e-07
0.003994499999999926 9.184690907119975e-08
0.003999499999999926 5.914584381988196e-08
0.004004499999999926 3.808768268618492e-08
0.0040094999999999255 2.452703488530203e-08
0.004014499999999925 1.579448982104821e-08
0.004019499999999925 1.0171059018976663e-08
0.004024499999999925 6.549780626920086e-09
0.004029499999999925 4.217813180318283e-09
0.004034499999999924 2.7161136046492116e-09
0.004039499999999924 1.7490753956284604e-09
0.004044499999999924 1.1263390548101865e-09
0.004049499999999924 7.253202049860302e-10
0.004054499999999924 4.670791045553448e-10
0.004059499999999923 3.0078152033413916e-10
0.004064499999999923 1.936921125228642e-10
0.004069499999999923 1.2473054991834072e-10
0.004074499999999923 8.03218897715287e-11
0.004079499999999923 5.172437803399354e-11
0.004084499999999922 3.330865292832859e-11
0.004089499999999922 2.14496165800295e-11
0.004094499999999922 1.381284190495999e-11
0.004099499999999922 8.895045405747143e-12
0.004104499999999922 5.728168885663293e-12
0.004109499999999921 3.688819169777752e-12
0.004114499999999921 2.375554431697349e-12
0.004119499999999921 1.5298611899494126e-12
0.004124499999999921 9.852664571437291e-13
0.0041294999999999206 6.345678724102558e-13
0.00413449999999992 4.0873113561255167e-13
0.00413949999999992 2.633007463619235e-13
0.00414449999999992 1.6964902956203891e-13
0.00414949999999992 1.0934083603550782e-13
0.0041544999999999195 7.050462106034393e-14
0.004159499999999919 4.54955550379366e-14
0.004164499999999919 2.9390777964970644e-14
0.004169499999999919 1.902461509663366e-14
0.004174499999999919 1.2462512937603854e-14
0.0041794999999999185 1.4107246002606948e-14
0.004184499999999918 0.0014759550584177684
0.004189499999999918 0.1666181165676765
0.004194499999999918 0.7667456865245605
0.004199499999999918 1.4077224202355085
0.0042044999999999175 1.7636079449586477
0.004209499999999917 1.92406297809538
0.004214499999999917 1.9781968926916653
0.004219499999999917 1.9939913495639516
0.004224499999999917 1.9982358583477697
0.0042294999999999165 1.9993243551482687
0.004234499999999916 1.9995980888239813
0.004239499999999916 1.9996678229414386
0.004244499999999916 1.9996868214974108
0.004249499999999916 1.9996928507974652
0.0042544999999999155 1.9996952592687853
0.004259499999999915 1.9996964607815473
0.004264499999999915 1.9996971513408102
0.004269499999999915 1.9996975759948672
0.004274499999999915 1.9996978445061557
0.0042794999999999144 1.999698016140203
0.004284499999999914 1.999698126313248
0.004289499999999914 1.9996981971534984
0.004294499999999914 1.999698242735761
0.004299499999999914 1.9996982720754393
0.004304499999999913 1.9996982909635335
0.004309499999999913 1.9996983031243347
0.004314499999999913 1.9996983109543272
0.004319499999999913 1.9996983159960235
0.004324499999999913 1.9996983192424287
0.004329499999999912 1.9996983213328614
0.004334499999999912 1.9996983226789529
0.004339499999999912 1.9996983235457482
0.004344499999999912 1.9996983241039115
0.004349499999999912 1.999698324463336
0.004354499999999911 1.9996983246947857
0.004359499999999911 1.9996983248438265
0.004364499999999911 1.9996983249398002
0.004369499999999911 1.9996981021444962
0.004374499999999911 1.9996936419097606
0.00437949999999991 1.999677437008344
0.00438449999999991 1.9996154252600788
0.00438949999999991 1.9994789868229517
0.00439449999999991 1.9994276413774947
0.0043994999999999096 1.9994083189615888
0.004404499999999909 1.9994010475911528
0.004409499999999909 1.9993983112580105
0.004414499999999909 1.999397281535257
0.004419499999999909 1.999396894036067
0.0044244999999999085 1.9993967482150827
0.004429499999999908 1.9993966933410217
0.004434499999999908 1.9993966726914763
0.004439499999999908 1.9993966649210013
0.004444499999999908 1.9993966619970251
0.0044494999999999075 1.9993966608967997
0.004454499999999907 1.9993966604828401
0.004459499999999907 1.9993966603271078
0.004464499999999907 1.9993966602685327
0.004469499999999907 1.9993966602465096
0.0044744999999999065 1.9993966602382345
0.004479499999999906 1.9993966602351283
0.004484499999999906 1.9993966602339643
0.004489499999999906 1.99939666023353
0.004494499999999906 1.9993966602333686
0.0044994999999999055 1.9993966602333089
0.004504499999999905 1.999396660233288
0.004509499999999905 1.9993966602332802
0.004514499999999905 1.999396660233278
0.004519499999999905 1.9993966602332771
0.0045244999999999045 1.999396660233277
0.004529499999999904 1.9993966602332767
0.004534499999999904 1.9993966602332771
0.004539499999999904 1.9993966602332771
0.004544499999999904 1.9993966602332776
0.0045494999999999034 1.9993966602332776
0.004554499999999903 1.9993966602332771
0.004559499999999903 1.9993966602332771
0.004564499999999903 1.9993966602333102
0.004569499999999903 1.9993966602333715
0.004574499999999902 1.999396660233459
0.004579499999999902 1.9993966602335769
0.004584499999999902 1.9993963132677166
0.004589499999999902 1.9993546178128763
0.004594499999999902 1.960799044635854
0.004599499999999901 1.6254048287212908
0.004604499999999901 1.2302280067066347
0.004609499999999901 0.8823214865369318
0.004614499999999901 0.6103084141181275
0.004619499999999901 0.4120143050249345
0.0046244999999999 0.2736654494630885
0.0046294999999999 0.17982541621014303
0.0046344999999999 0.11732939241841761
0.0046394999999999 0.07619970439680696
0.0046444999999999 0.04933932989910889
0.004649499999999899 0.031885004635899716
0.004654499999999899 0.020579371299484093
0.004659499999999899 0.013271629670743574
0.004664499999999899 0.0085543767768485
0.0046694999999998986 0.005511952574939165
0.004674499999999898 0.00355081319601696
0.004679499999999898 0.002287120990146527
0.004684499999999898 0.0014730284555220395
0.004689499999999898 0.0009486539291687291
0.0046944999999998975 0.0006109253890956897
0.004699499999999897 0.0003934214505709609
0.004704499999999897 0.00025335013076360785
0.004709499999999897 0.00016314729388973082
0.004714499999999897 0.00010505961658029448
0.0047194999999998965 6.765344902814466e-05
0.004724499999999896 4.356552076191806e-05
0.004729499999999896 2.80540216835018e-05
0.004734499999999896 1.8065370155180355e-05
0.004739499999999896 1.1633175775320079e-05
0.0047444999999998955 7.49116763923114e-06
0.004749499999999895 4.823925731154727e-06
0.004754499999999895 3.1063588664439157e-06
0.004759499999999895 2.0003343248767745e-06
0.004764499999999895 1.2881116659610225e-06
0.0047694999999998945 8.294765024161012e-07
0.004774499999999894 5.341383373521087e-07
0.004779499999999894 3.4395604946515903e-07
0.004784499999999894 2.214896072545325e-07
0.004789499999999894 1.4262891812249695e-07
0.0047944999999998935 9.184689104039933e-08
0.004799499999999893 5.914583220874641e-08
0.004804499999999893 3.8087675209053484e-08
0.004809499999999893 2.4527030070310658e-08
0.004814499999999893 1.5794486720374508e-08
0.0048194999999998924 1.0171057022259116e-08
0.004824499999999892 6.5497793411088745e-09
0.004829499999999892 4.217812352304084e-09
0.004834499999999892 2.716113071439119e-09
0.004839499999999892 1.7490750522611565e-09
0.004844499999999891 1.1263388336945197e-09
0.004849499999999891 7.253200625958327e-10
0.004854499999999891 4.670790128613974e-10
0.004859499999999891 3.0078146128667583e-10
0.004864499999999891 1.936920744985122e-10
0.00486949999999989 1.2473052543208398e-10
0.00487449999999989 8.032187400329763e-11
0.00487949999999989 5.172436787984406e-11
0.00488449999999989 3.330864638943712e-11
0.00488949999999989 2.1449612369228623e-11
0.004894499999999889 1.3812839193362135e-11
0.004899499999999889 8.895043659579814e-12
0.004904499999999889 5.728167761197019e-12
0.004909499999999889 3.68881844566364e-12
0.004914499999999889 2.3755539653950164e-12
0.004919499999999888 1.5298608896681971e-12
0.004924499999999888 9.852662637738872e-13
0.004929499999999888 6.345677478873296e-13
0.004934499999999888 4.087310554244571e-13
0.0049394999999998876 2.633006947237978e-13
0.004944499999999887 1.6964899630902248e-13
0.004949499999999887 1.0934081462181231e-13
0.004954499999999887 7.050460727072705e-14
0.004959499999999887 4.5495546157940457e-14
0.0049644999999998865 2.939077224657065e-14
0.004969499999999886 1.9024611413701258e-14
0.004974499999999886 1.2462510559799216e-14
0.004979499999999886 1.4107244454675303e-14
0.004984499999999886 0.0014759550582404775
0.0049894999999998855 0.16661811656533088
0.004994499999999885 0.7667456865193206
0.004999499999999885 1.407722420232107
0.005004499999999885 1.763607944956775
0.005009499999999885 1.924062978094685
0.0050144999999998845 1.9781968926914524
0.005019499999999884 1.9939913495638926
0.005024499999999884 1.9982358734019905
0.005029499999999884 1.999324358832071
0.005034499999999884 1.9995980897089802
0.0050394999999998835 1.9996678231518814
0.005044499999999883 1.999686821547337
0.005049499999999883 1.9996928508094292
0.005054499999999883 1.9996952592717585
0.005059499999999883 1.9996964607839578
0.0050644999999998825 1.9996971513415183
0.005069499999999882 1.999697575995127
0.005074499999999882 1.9996978445062832
0.005079499999999882 1.999698016140272
0.005084499999999882 1.9996981263132896
0.0050894999999998814 1.999698197153525
0.005094499999999881 1.9996982427357777
0.005099499999999881 1.99969827207545
0.005104499999999881 1.9996982909635408
0.005109499999999881 1.9996983031243392
0.00511449999999988 1.9996983109543303
0.00511949999999988 1.999698315996025
0.00512449999999988 1.9996983192424296
0.00512949999999988 1.9996983213328616
0.00513449999999988 1.999698322678953
0.005139499999999879 1.9996983235457486
0.005144499999999879 1.9996983241039117
0.005149499999999879 1.9996983244633364
0.005154499999999879 1.9996983246947855
0.005159499999999879 1.9996983248438256
0.005164499999999878 1.9996983249398
0.005169499999999878 1.9996981021444957
0.005174499999999878 1.99969364190976
0.005179499999999878 1.999677437008344
0.005184499999999878 1.9996154252600795
0.005189499999999877 1.999478986822952
0.005194499999999877 1.9994276413774952
0.005199499999999877 1.9994083189615888
0.005204499999999877 1.9994010475911526
0.0052094999999998766 1.9993983112580105
0.005214499999999876 1.999397281535257
0.005219499999999876 1.9993968940360671
0.005224499999999876 1.9993967482150827
0.005229499999999876 1.9993966933410223
0.0052344999999998755 1.999396672691477
0.005239499999999875 1.9993966649210013
0.005244499999999875 1.9993966619970254
0.005249499999999875 1.9993966608967995
0.005254499999999875 1.9993966604828397
0.0052594999999998745 1.999396660327107
0.005264499999999874 1.9993966602685327
0.005269499999999874 1.9993966602465094
0.005274499999999874 1.999396660238234
0.005279499999999874 1.999396660235128
0.0052844999999998735 1.9993966602339643
0.005289499999999873 1.99939666023353
0.005294499999999873 1.9993966602333684
0.005299499999999873 1.9993966602333089
0.005304499999999873 1.9993966602332875
0.0053094999999998725 1.9993966602332802
0.005314499999999872 1.999396660233278
0.005319499999999872 1.9993966602332771
0.005324499999999872 1.999396660233277
0.005329499999999872 1.9993966602332767
0.0053344999999998715 1.9993966602332767
0.005339499999999871 1.9993966602332771
0.005344499999999871 1.9993966602332771
0.005349499999999871 1.9993966602332773
0.005354499999999871 1.9993966602332771
0.0053594999999998704 1.9993966602332771
0.00536449999999987 1.9993966602333104
0.00536949999999987 1.9993966602333715
0.00537449999999987 1.9993966602334585
0.00537949999999987 1.9993966602335767
0.005384499999999869 1.9993963132677162
0.005389499999999869 1.9993546178128767
0.005394499999999869 1.9607990446370687
0.005399499999999869 1.625404828723943
0.005404499999999869 1.230228006709188
0.005409499999999868 0.8823214865390274
0.005414499999999868 0.6103084141196986
0.005419499999999868 0.41201430502605
0.005424499999999868 0.27366544946385374
0.005429499999999868 0.1798254162106564
0.005434499999999867 0.11732939241875705
0.005439499999999867 0.0761997043970293
0.005444499999999867 0.04933932989925369
0.005449499999999867 0.03188500463599363
0.005454499999999867 0.020579375702847142
0.005459499999999866 0.013271632514675476
0.005464499999999866 0.008554378479453105
0.005469499999999866 0.005511953649847582
0.005474499999999866 0.003550813892683985
0.0054794999999998656 0.0022871214389922055
0.005484499999999865 0.0014730287446500644
0.005489499999999865 0.0009486541153914543
0.005494499999999865 0.0006109255090297521
0.005499499999999865 0.0003934215278090291
0.0055044999999998645 0.000253350180503717
0.005509499999999864 0.00016314732592094156
0.005514499999999864 0.00010505963720721355
0.005519499999999864 6.76534623110098e-05
0.005524499999999864 4.3565529315476656e-05
0.0055294999999998635 2.8054027191583928e-05
0.005534499999999863 1.806537370211361e-05
0.005539499999999863 1.1633178059366898e-05
0.005544499999999863 7.491169110041188e-06
0.005549499999999863 4.8239266782810744e-06
0.0055544999999998625 3.1063594763445455e-06
0.005559499999999862 2.0003347176212997e-06
0.005564499999999862 1.2881119188681842e-06
0.005569499999999862 8.294766652750928e-07
0.005574499999999862 5.341384422245624e-07
0.0055794999999998615 3.439561169973202e-07
0.005584499999999861 2.2148965074169387e-07
0.005589499999999861 1.4262894612618953e-07
0.005594499999999861 9.184690907357354e-08
0.005599499999999861 5.914584382141057e-08
0.0056044999999998605 3.8087682687169284e-08
0.00560949999999986 2.452703488593592e-08
0.00561449999999986 1.579448982145641e-08
0.00561949999999986 1.017105901923953e-08
0.00562449999999986 6.549780627089365e-09
0.0056294999999998594 4.217813180427291e-09
0.005634499999999859 2.716113604719408e-09
0.005639499999999859 1.7490753956736635e-09
0.005644499999999859 1.1263390548392959e-09
0.005649499999999859 7.253202050047754e-10
0.005654499999999858 4.67079104567416e-10
0.005659499999999858 3.007815203419127e-10
0.005664499999999858 1.936921125278701e-10
0.005669499999999858 1.2473054992156434e-10
0.005674499999999858 8.032188977360461e-11
0.005679499999999857 5.172437803533036e-11
0.005684499999999857 3.330865292918946e-11
0.005689499999999857 2.1449616580583873e-11
0.005694499999999857 1.3812841905316987e-11
0.005699499999999857 8.895045405977035e-12
0.005704499999999856 5.728168885811334e-12
0.005709499999999856 3.688819169873086e-12
0.005714499999999856 2.37555443175874e-12
0.005719499999999856 1.529861189988946e-12
0.005724499999999856 9.852664571691872e-13
0.005729499999999855 6.345678724266501e-13
0.005734499999999855 4.0873113562310893e-13
0.005739499999999855 2.63300746368722e-13
0.005744499999999855 1.6964902956641693e-13
0.0057494999999998546 1.0934083603832713e-13
0.005754499999999854 7.050462106215947e-14
0.005759499999999854 4.5495555039105735e-14
0.005764499999999854 2.93907779656095e-14
0.005769499999999854 1.9024615097041304e-14
0.0057744999999998535 1.2462517466768625e-14
0.005779499999999853 1.4107251392527058e-14
0.005784499999999853 0.0014759555471838468
0.005789499999999853 0.16661812166743667
0.005794499999999853 0.7667456974166634
0.0057994999999998525 1.4077224272356943
0.005804499999999852 1.763607948805451
0.005809499999999852 1.9240629795217539
0.005814499999999852 1.9781968931289817
0.005819499999999852 1.993991349684879
0.0058244999999998515 1.9982358583792779
0.005829499999999851 1.9993243551562339
0.005834499999999851 1.999598088825993
0.005839499999999851 1.99966782294197
0.005844499999999851 1.9996868214975696
0.0058494999999998505 1.999692850797523
0.00585449999999985 1.9996952592688122
0.00585949999999985 1.9996964607831629
0.00586449999999985 1.999697151341033
0.00586949999999985 1.9996975759949562
0.0058744999999998495 1.9996978445062001
0.005879499999999849 1.999698016140228
0.005884499999999849 1.9996981263132636
0.005889499999999849 1.9996981971535088
0.005894499999999849 1.999698242735767
0.0058994999999998484 1.9996982720754433
0.005904499999999848 1.999698290963536
0.005909499999999848 1.999698303124337
0.005914499999999848 1.999698310954328
0.005919499999999848 1.9996983159960233
0.005924499999999847 1.9996983192424287
0.005929499999999847 1.9996983213328616
0.005934499999999847 1.9996983226789529
0.005939499999999847 1.9996983235457486
0.005944499999999847 1.9996983241039115
0.005949499999999846 1.9996983244633357
0.005954499999999846 1.9996983246947857
0.005959499999999846 1.999698324843826
0.005964499999999846 1.9996983249397997
0.005969499999999846 1.9996981021444966
0.005974499999999845 1.99969364190976
0.005979499999999845 1.999677437008344
0.005984499999999845 1.9996154252600802
0.005989499999999845 1.9994789868230685
0.005994499999999845 1.999427641377539
0.005999499999999844 1.9994083189616052
0.006004499999999844 1.9994010475911588
0.006009499999999844 1.999398311258013
0.006014499999999844 1.9993972815352576
0.0060194999999998436 1.999396894036192
0.006024499999999843 1.9993967482151296
0.006029499999999843 1.9993966933410394
0.006034499999999843 1.9993966726914831
0.006039499999999843 1.9993966649210038
0.0060444999999998425 1.999396661997026
0.006049499999999842 1.9993966608968
0.006054499999999842 1.9993966604828404
0.006059499999999842 1.9993966603271072
0.006064499999999842 1.9993966602685325
0.0060694999999998415 1.9993966602465094
0.006074499999999841 1.999396660238234
0.006079499999999841 1.9993966602351283
0.006084499999999841 1.9993966602339646
0.006089499999999841 1.99939666023353
0.0060944999999998405 1.9993966602333686
0.00609949999999984 1.9993966602333093
0.00610449999999984 1.9993966602332878
0.00610949999999984 1.9993966602332802
0.00611449999999984 1.999396660233278
0.0061194999999998395 1.9993966602332771
0.006124499999999839 1.9993966602332771
0.006129499999999839 1.999396660233277
0.006134499999999839 1.9993966602332771
0.006139499999999839 1.9993966602332773
0.0061444999999998385 1.9993966602332773
0.006149499999999838 1.9993966602332773
0.006154499999999838 1.9993966602332771
0.006159499999999838 1.9993966602332776
0.006164499999999838 1.9993966602333104
0.0061694999999998374 1.9993966602333715
0.006174499999999837 1.9993966602334587
0.006179499999999837 1.9993966602335769
0.006184499999999837 1.9993963132677166
0.006189499999999837 1.9993546178128532
0.006194499999999836 1.9607990438044882
0.006199499999999836 1.6254048268033783
0.006204499999999836 1.2302280048535221
0.006209499999999836 0.8823214850168299
0.006214499999999836 0.610308412978322
0.006219499999999835 0.4120143042156031
0.006224499999999835 0.2736654489079243
0.006229499999999835 0.17982541583771855
0.006234499999999835 0.11732939217216515
0.006239499999999835 0.076199704235499
0.006244499999999834 0.04933932979408023
0.006249499999999834 0.03188500456778374
0.006254499999999834 0.020579375658721574
0.006259499999999834 0.013271633250522021
0.006264499999999834 0.00855437908643364
0.006269499999999833 0.005511954064017292
0.006274499999999833 0.003550814159598535
0.006279499999999833 0.0022871216116364715
0.006284499999999833 0.0014730288558604387
0.0062894999999998326 0.0009486541870202732
0.006294499999999832 0.0006109255551612607
0.006299499999999832 0.0003934215575179253
0.006304499999999832 0.00025335019963578214
0.006309499999999832 0.00016314733824144545
0.0063144999999998315 0.00010505964514116389
0.006319499999999831 6.765346742013887e-05
0.006324499999999831 4.356553260552248e-05
0.006329499999999831 2.8054029310215892e-05
0.006334499999999831 1.806537506640811e-05
0.0063394999999998305 1.163317893790402e-05
0.00634449999999983 7.4911696757744394e-06
0.00634949999999983 4.823927042584316e-06
0.00635449999999983 3.106359710937086e-06
0.00635949999999983 2.000334868686787e-06
0.0063644999999998295 1.288112016146545e-06
0.006369499999999829 8.294767279172723e-07
0.006374499999999829 5.341384825627655e-07
0.006379499999999829 3.439561429729309e-07
0.006384499999999829 2.214896674686214e-07
0.0063894999999998285 1.4262895689754642e-07
0.006394499999999828 9.184691600986436e-08
0.006399499999999828 5.914584828810746e-08
0.0064 3.808768556354667e-08
