0 2.6015619472543397e-16
4.9999999999999996e-06 2.601398705629758e-16
9.999999999999999e-06 2.6012850725641323e-16
1.4999999999999999e-05 2.6012100559694534e-16
1.9999999999999998e-05 2.601161334402892e-16
2.4999999999999998e-05 2.6011298654982074e-16
2.9999999999999997e-05 2.6011095794914967e-16
3.5e-05 2.601096511468683e-16
3.9999999999999996e-05 2.6010880952887044e-16
4.4999999999999996e-05 2.6013785295627425e-16
4.9999999999999996e-05 2.601968233358994e-16
5.4999999999999995e-05 2.6028354056380487e-16
5.9999999999999995e-05 2.603979513681318e-16
6.5e-05 2.6054291728636607e-16
7e-05 2.607247944005524e-16
7.5e-05 2.6090260904539146e-16
7.999999999999999e-05 2.610384164909398e-16
8.499999999999999e-05 2.611336857446919e-16
8.999999999999999e-05 2.6119794958579434e-16
9.499999999999999e-05 2.6124042603045883e-16
9.999999999999999e-05 2.6126818997690717e-16
0.00010499999999999999 2.612862233298923e-16
0.00010999999999999999 2.6129789417856955e-16
0.00011499999999999999 2.613054315747592e-16
0.00011999999999999999 2.6131029355889884e-16
0.000125 2.6131342755938927e-16
0.00013000000000000002 2.6131544688220295e-16
0.00013500000000000003 2.613167476748358e-16
0.00014000000000000004 2.613175854923489e-16
0.00014500000000000006 2.613181250715446e-16
0.00015000000000000007 2.613184725598218e-16
0.00015500000000000008 2.6131869633554197e-16
0.0001600000000000001 2.6131884044041615e-16
0.0001650000000000001 2.613322762270175e-16
0.00017000000000000012 2.6135839969315674e-16
0.00017500000000000013 2.613963638456659e-16
0.00018000000000000015 2.6144657142601416e-16
0.00018500000000000016 2.614768924448613e-16
0.00019000000000000017 2.6140272036765496e-16
0.00019500000000000019 2.612797178353308e-16
0.0002000000000000002 2.6115244190094684e-16
0.0002050000000000002 2.6104634613648946e-16
0.00021000000000000023 2.6096663895074917e-16
0.00021500000000000024 2.609100055901348e-16
0.00022000000000000025 2.608710586077487e-16
0.00022500000000000026 2.6084481559274105e-16
0.00023000000000000028 2.608273680677526e-16
0.0002350000000000003 2.608158734446524e-16
0.0002400000000000003 2.6080834864171424e-16
0.0002450000000000003 2.6080344478397e-16
0.00025000000000000033 2.608002592957145e-16
0.00025500000000000034 2.6079819487481073e-16
0.00026000000000000036 2.6079685925889594e-16
0.00026500000000000037 2.6079599622992467e-16
0.0002700000000000004 2.607954390774184e-16
0.0002750000000000004 2.607950796320111e-16
0.0002800000000000004 2.6079484785048913e-16
0.0002850000000000004 2.607946984444913e-16
0.00029000000000000044 2.6079460216319096e-16
0.00029500000000000045 2.607945401290252e-16
0.00030000000000000046 2.607945001660907e-16
0.0003050000000000005 2.607944744243634e-16
0.0003100000000000005 2.607944578443829e-16
0.0003150000000000005 2.60794447166005e-16
0.0003200000000000005 2.607944402888618e-16
0.00032500000000000053 2.607944358599472e-16
0.00033000000000000054 2.6079443300777175e-16
0.00033500000000000055 2.6079443117103037e-16
0.00034000000000000057 2.6079442998822205e-16
0.0003450000000000006 2.607944292265356e-16
0.0003500000000000006 2.607944287360395e-16
0.0003550000000000006 2.607944284201816e-16
0.0003600000000000006 2.607944282167832e-16
0.00036500000000000063 2.6079442808537526e-16
0.00037000000000000065 2.607780623401509e-16
0.00037500000000000066 2.607344472703647e-16
0.00038000000000000067 2.606924813033179e-16
0.0003850000000000007 2.6072244203489533e-16
0.0003900000000000007 2.608819793443339e-16
0.0003950000000000007 2.6109281230822003e-16
0.0004000000000000007 2.6132203689908215e-16
0.00040500000000000074 2.6149460531232773e-16
0.00041000000000000075 2.6161274949282394e-16
0.00041500000000000076 2.6169091939666966e-16
0.0004200000000000008 2.6174191643381986e-16
0.0004250000000000008 2.617749748178341e-16
0.0004300000000000008 2.6179633842480363e-16
0.0004350000000000008 2.618101225114969e-16
0.00044000000000000083 2.618190086344122e-16
0.00044500000000000084 2.6182473452452855e-16
0.00045000000000000086 2.618284231029622e-16
0.00045500000000000087 2.618307989012573e-16
0.0004600000000000009 2.618323290103862e-16
0.0004650000000000009 2.6183331441232683e-16
0.0004700000000000009 2.6183394900014586e-16
0.0004750000000000009 2.618343576606449e-16
0.00048000000000000093 2.618346208263454e-16
0.00048500000000000095 2.6183479029656514e-16
0.000490000000000001 2.618348994295496e-16
0.000495000000000001 2.6183496970729306e-16
0.000500000000000001 2.618350149635981e-16
0.000505000000000001 2.618350441069889e-16
0.000510000000000001 2.618350628742501e-16
0.000515000000000001 2.618350749596656e-16
0.000520000000000001 2.618350827422221e-16
0.000525000000000001 2.6183508775389723e-16
0.0005300000000000011 2.6183509098122856e-16
0.0005350000000000011 2.618350930595088e-16
0.0005400000000000011 2.618350943978429e-16
0.0005450000000000011 2.6183509525968086e-16
0.0005500000000000011 2.6183509581467157e-16
0.0005550000000000011 2.6183509617206555e-16
0.0005600000000000011 2.618350964022139e-16
0.0005650000000000012 2.6188540349567725e-16
0.0005700000000000012 2.6597737146112493e-16
0.0005750000000000012 3.8329080401136176e-16
0.0005800000000000012 1.1722693780859038e-14
0.0005850000000000012 0.0055153658398993406
0.0005900000000000012 0.20528807196915774
0.0005950000000000012 0.8482193415335789
0.0006000000000000012 1.458891772384426
0.0006050000000000013 1.791236240412249
0.0006100000000000013 1.9341223467320103
0.0006150000000000013 1.9812513348182714
0.0006200000000000013 1.9948311688931348
0.0006250000000000013 1.9984539304093893
0.0006300000000000013 1.9993793865032132
0.0006350000000000013 1.9996119856650048
0.0006400000000000014 1.9996714969537104
0.0006450000000000014 1.9996879188637156
0.0006500000000000014 1.9996932555190643
0.0006550000000000014 1.999695448336262
0.0006600000000000014 1.9996965655534036
0.0006650000000000014 1.9996972147487981
0.0006700000000000014 1.9996976158396909
0.0006750000000000014 1.9996978699176642
0.0006800000000000015 1.999698032439815
0.0006850000000000015 1.9996981367919064
0.0006900000000000015 1.9996982038963018
0.0006950000000000015 1.9996982470764293
0.0007000000000000015 1.9996982748703105
0.0007050000000000015 1.9996982927632967
0.0007100000000000015 1.9996983042833718
0.0007150000000000016 1.9996983117007714
0.0007200000000000016 1.9996983164767614
0.0007250000000000016 1.9996983195520477
0.0007300000000000016 1.999698321532274
0.0007350000000000016 1.9996983228073875
0.0007400000000000016 1.9996983236284687
0.0007450000000000016 1.9996983241571895
0.0007500000000000016 1.9996983244976516
0.0007550000000000017 1.999698324716887
0.0007600000000000017 1.9996983248580606
0.0007650000000000017 1.999698324948968
0.0007700000000000017 1.9996979267923116
0.0007750000000000017 1.9996927220413583
0.0007800000000000017 1.9996745330171393
0.0007850000000000017 1.9996040830770268
0.0007900000000000017 1.9994747190040343
0.0007950000000000018 1.9994260357275082
0.0008000000000000018 1.9994077148731457
0.0008050000000000018 1.9994008203054559
0.0008100000000000018 1.999398225738941
0.0008150000000000018 1.999397249356599
0.0008200000000000018 1.9993968819281047
0.0008250000000000018 1.9993967436595812
0.0008300000000000019 1.9993966916275154
0.0008350000000000019 1.999396672047414
0.0008400000000000019 1.9993966646793677
0.0008450000000000019 1.999396661906821
0.0008500000000000019 1.9993966608635747
0.0008550000000000019 1.999396660471053
0.0008600000000000019 1.999396660323385
0.0008650000000000019 1.9993966602678435
0.000870000000000002 1.9993966602469606
0.000875000000000002 1.999396660239114
0.000880000000000002 1.9993966602361688
0.000885000000000002 1.9993966602350655
0.000890000000000002 1.9993966602346531
0.000895000000000002 1.9993966602345004
0.000900000000000002 1.999396660234444
0.000905000000000002 1.999396660234424
0.0009100000000000021 1.9993966602344173
0.0009150000000000021 1.9993966602344146
0.0009200000000000021 1.9993966602344135
0.0009250000000000021 1.9993966602344133
0.0009300000000000021 1.9993966602344135
0.0009350000000000021 1.9993966602344135
0.0009400000000000021 1.9993966602344135
0.0009450000000000022 1.9993966602344133
0.0009500000000000022 1.9993966602344135
0.0009550000000000022 1.9993966602344138
0.0009600000000000022 1.999396660234414
0.0009650000000000022 1.9993966602347077
0.0009700000000000022 1.9993966602641673
0.0009750000000000022 1.9993966606262008
0.0009800000000000021 1.9993966618149897
0.0009850000000000021 1.9994242186514495
0.0009900000000000022 1.9995334046726974
0.0009950000000000028 1.9996670663106966
0.0010000000000000035 1.999687101515874
0.0010050000000000042 1.9996944071658314
0.0010100000000000048 1.9996969584500544
0.0010150000000000055 1.9996978471863875
0.0010200000000000061 1.9996981577562734
0.0010295000000000068 1.9996982941870924
0.0010345000000000068 1.999698310425362
0.0010395000000000068 1.9996983181373373
0.0010445000000000068 1.9996983218000675
0.0010495000000000068 1.999698323539685
0.0010545000000000068 1.9996983243659294
0.0010595000000000068 1.9996983247583646
0.0010645000000000068 1.999698324944758
0.0010695000000000069 1.9996983250332876
0.0010745000000000069 1.9996983250753366
0.0010795000000000069 1.999698325095308
0.001084500000000007 1.9996983251047937
0.001089500000000007 1.9996983251092992
0.001094500000000007 1.9996983251114389
0.001099500000000007 1.9996983251124558
0.001104500000000007 1.9996983251129383
0.001109500000000007 1.9996983251131677
0.001114500000000007 1.999698325113276
0.001119500000000007 1.9996983251133278
0.001124500000000007 1.9996983251133529
0.001129500000000007 1.9996983251133646
0.001134500000000007 1.99969832511337
0.001139500000000007 1.9996983251133729
0.001144500000000007 1.999698325113374
0.001149500000000007 1.9996983251133744
0.001154500000000007 1.9996983251133746
0.001159500000000007 1.9996983251133749
0.0011645000000000071 1.9996983251133749
0.0011695000000000071 1.9996981022564053
0.0011745000000000071 1.9996936419835991
0.0011795000000000071 1.999677437060373
0.0011845000000000072 1.999615425305809
0.0011895000000000072 1.9994789868748533
0.0011945000000000072 1.9994276414214924
0.0011995000000000072 1.999408318994434
0.0012045000000000072 1.9994010476141306
0.0012095000000000072 1.9993983112735267
0.0012145000000000072 1.9993972815455268
0.0012195000000000073 1.999396894042787
0.0012245000000000073 1.9993967482194501
0.0012295000000000073 1.9993966933438498
0.0012345000000000073 1.999396672693303
0.0012395000000000073 1.9993966649221795
0.0012445000000000073 1.999396661997784
0.0012495000000000073 1.9993966608972886
0.0012545000000000073 1.9993966604831548
0.0012595000000000074 1.99939666032731
0.0012645000000000074 1.9993966602686633
0.0012695000000000074 1.9993966602465933
0.0012745000000000074 1.999396660238288
0.0012795000000000074 1.999396660235163
0.0012845000000000074 1.9993966602339865
0.0012895000000000074 1.9993966602335442
0.0012945000000000075 1.999396660233378
0.0012995000000000075 1.999396660233315
0.0013045000000000075 1.9993966602332918
0.0013095000000000075 1.9993966602332827
0.0013145000000000075 1.999396660233279
0.0013195000000000075 1.9993966602332782
0.0013245000000000075 1.9993966602332776
0.0013295000000000075 1.9993966602332773
0.0013345000000000076 1.9993966602332771
0.0013395000000000076 1.9993966602332771
0.0013445000000000076 1.9993966602332773
0.0013495000000000076 1.9993966602332771
0.0013545000000000076 1.9993966602332771
0.0013595000000000076 1.9993966602332771
0.0013645000000000076 1.99939666023331
0.0013695000000000076 1.9993966602333713
0.0013745000000000077 1.9993966602334585
0.0013795000000000077 1.9993966602335767
0.0013845000000000077 1.9993963132677162
0.0013895000000000077 1.999354617812874
0.0013945000000000077 1.9607990446319352
0.0013995000000000077 1.625404828712735
0.0014045000000000077 1.230228008223161
0.0014095000000000078 0.8823214890376367
0.0014145000000000078 0.6103084163331223
0.0014195000000000078 0.41201430666054567
0.0014245000000000078 0.27366545059504455
0.0014295000000000078 0.17982541697095128
0.0014345000000000078 0.117329392921654
0.0014395000000000078 0.07619970472646266
0.0014445000000000078 0.04933933011374022
0.0014495000000000079 0.031885004775094976
0.0014545000000000079 0.020579371389529273
0.0014595000000000079 0.013271629728899113
0.001464500000000008 0.008554376814368835
0.001469500000000008 0.005511952576303854
0.001474500000000008 0.003550813196896419
0.001479500000000008 0.002287120990713133
0.001484500000000008 0.0014730284558870212
0.001489500000000008 0.0009486539294038072
0.001494500000000008 0.000610925389247088
0.001499500000000008 0.0003934214506684619
0.001504500000000008 0.000253350130826397
0.001509500000000008 0.00016314729393016524
0.001514500000000008 0.00010505961660633275
0.001519500000000008 6.765344904491224e-05
0.001524500000000008 4.3565520772715614e-05
0.001529500000000008 2.80540216904549e-05
0.001534500000000008 1.806537015965781e-05
0.001539500000000008 1.1633175778203327e-05
0.001544500000000008 7.491167641087802e-06
0.0015495000000000081 4.8239257323503195e-06
0.0015545000000000081 3.1063588672138153e-06
0.0015595000000000081 2.000334325372551e-06
0.0015645000000000082 1.2881116662802766e-06
0.0015695000000000082 8.29476502621498e-07
0.0015745000000000082 5.341383374820483e-07
0.0015795000000000082 3.4395604954170005e-07
0.0015845000000000082 2.2148960584578884e-07
0.0015895000000000082 1.4262884755609222e-07
0.0015945000000000082 9.184649721433603e-08
0.0015995000000000083 5.9144999770021156e-08
0.0016045000000000083 3.8086724459960966e-08
0.0016095000000000083 2.4526145127190832e-08
0.0016145000000000083 1.5793740467112504e-08
0.0016195000000000083 1.0170462772943691e-08
0.0016245000000000083 6.549323440925338e-09
0.0016295000000000083 4.217471613584178e-09
0.0016345000000000083 2.715863281801853e-09
0.0016395000000000084 1.7488946422416567e-09
0.0016445000000000084 1.1262100638889163e-09
0.0016495000000000084 7.252290305870315e-10
0.0016545000000000084 4.670151697096418e-10
0.0016595000000000084 3.0073698592227583e-10
0.0016645000000000084 1.9366126849351828e-10
0.0016695000000000084 1.2470929294493255e-10
0.0016745000000000084 8.030730296832126e-11
0.0016795000000000085 5.1714406271973824e-11
0.0016845000000000085 3.330185895337865e-11
0.0016895000000000085 2.1445001554186263e-11
0.0016945000000000085 1.3809715411974455e-11
0.0016995000000000085 8.892932447430852e-12
0.0017045000000000085 5.726744007320646e-12
0.0017095000000000085 3.687860186217861e-12
0.0017145000000000086 2.3749101472086694e-12
0.0017195000000000086 1.529429013319714e-12
0.0017245000000000086 9.849769576257368e-13
0.0017295000000000086 6.343741717470147e-13
0.0017345000000000086 4.0860165021758075e-13
0.0017395000000000086 2.632142387912809e-13
0.0017445000000000086 1.6959124491209046e-13
0.0017495000000000086 1.0930222197047142e-13
0.0017545000000000087 7.047878622406425e-14
0.0017595000000000087 4.547822908093469e-14
0.0017645000000000087 2.937902095480895e-14
0.0017695000000000087 1.9011879506454765e-14
0.0017745000000000087 1.2335928044198263e-14
0.0017795000000000087 8.03693789675578e-15
0.0017845000000000087 5.2685851657915296e-15
0.0017895000000000087 3.4857659192182513e-15
0.0017945000000000088 2.3376225061569764e-15
0.0017995000000000088 1.5982173656182155e-15
0.0018045000000000088 1.1220498347700033e-15
0.0018095000000000088 8.154094258738674e-16
0.0018145000000000088 6.179428945409675e-16
0.0018195000000000088 4.907819289506891e-16
0.0018245000000000088 4.0889558134933934e-16
0.0018295000000000089 3.5616442164495613e-16
0.0018345000000000089 3.222080083048917e-16
0.0018395000000000089 3.003417066750534e-16
0.001844500000000009 2.8626087997046217e-16
0.001849500000000009 2.771935283643613e-16
0.001854500000000009 2.7135461029899206e-16
0.001859500000000009 2.6759464335709996e-16
0.001864500000000009 2.651734165883616e-16
0.001869500000000009 2.636142706932631e-16
0.001874500000000009 2.6261026093705153e-16
0.001879500000000009 2.6196373042132345e-16
0.001884500000000009 2.615473981627983e-16
0.001889500000000009 2.6127930171967867e-16
0.001894500000000009 2.6110666148851537e-16
0.001899500000000009 2.6099549012272193e-16
0.001904500000000009 2.6092390152498754e-16
0.001909500000000009 2.6087780217977637e-16
0.001914500000000009 2.6084811659228944e-16
0.001919500000000009 2.6082900061383424e-16
0.001924500000000009 2.6081669091546743e-16
0.0019295000000000091 2.6080876410843115e-16
0.0019345000000000091 2.608036596560313e-16
0.0019395000000000091 2.6080037265357796e-16
0.0019445000000000092 2.607982559945824e-16
0.0019495000000000092 2.607968929760413e-16
0.001954500000000009 2.607960152628422e-16
0.001959500000000009 2.6079545006109377e-16
0.0019645000000000088 2.6079508610034043e-16
0.0019695000000000086 2.6078234404114055e-16
0.0019745000000000084 2.607401315936947e-16
0.001979500000000008 2.60695914980928e-16
0.001984500000000008 2.6071338164704556e-16
0.0019895000000000078 2.6087122400094e-16
0.0019945000000000076 2.6107343773547704e-16
0.0019995000000000073 2.613105652404421e-16
0.002004500000000007 2.614873426341764e-16
0.002009500000000007 2.616080607210446e-16
0.0020145000000000067 2.6168788191362885e-16
0.0020195000000000065 2.617399504463172e-16
0.0020245000000000063 2.617737043158647e-16
0.002029500000000006 2.617955184141152e-16
0.002034500000000006 2.6180959371806877e-16
0.0020395000000000057 2.61818667824735e-16
0.0020445000000000055 2.6182451494594336e-16
0.0020495000000000053 2.61828281660731e-16
0.002054500000000005 2.618307078019005e-16
0.002059500000000005 2.618322703398222e-16
0.0020645000000000047 2.618332766284205e-16
0.0020695000000000045 2.618339246678754e-16
0.0020745000000000043 2.618343419912548e-16
0.002079500000000004 2.6183461073572315e-16
0.002084500000000004 2.6183478379853633e-16
0.0020895000000000037 2.6183489524504407e-16
0.0020945000000000035 2.618349670126229e-16
0.0020995000000000033 2.618350132283293e-16
0.002104500000000003 2.618350429895397e-16
0.002109500000000003 2.6183506215465403e-16
0.0021145000000000027 2.6183507449627364e-16
0.0021195000000000025 2.6183508244381494e-16
0.0021245000000000023 2.6183508756173396e-16
0.002129500000000002 2.6183509085748266e-16
0.002134500000000002 2.6183509297982275e-16
0.0021395000000000016 2.618350943465281e-16
0.0021445000000000014 2.618350952266365e-16
0.0021495000000000012 2.6183509579339313e-16
0.002154500000000001 2.618350961583627e-16
0.002159500000000001 2.618350963933884e-16
0.0021645000000000006 2.618797594557236e-16
0.0021695000000000004 2.641651041704938e-16
0.0021745000000000002 3.5024994223958324e-16
0.0021795 6.22348410308076e-15
0.0021845 0.0014759550588535019
0.0021894999999999996 0.16661811657350648
0.0021944999999999994 0.7667456865375906
0.002199499999999999 1.4077225958940827
0.002204499999999999 1.763609301440339
0.002209499999999999 1.9240640266580815
0.0022144999999999986 1.9781973651030906
0.0022194999999999984 1.9939915158296433
0.002224499999999998 1.9982359100439175
0.002229499999999998 1.999324370673484
0.0022344999999999978 1.9995980938238112
0.0022394999999999976 1.9996678248938482
0.0022444999999999974 1.9996868224747995
0.002249499999999997 1.9996928513859633
0.002254499999999997 1.9996952596564435
0.0022594999999999968 1.9996964610454455
0.0022644999999999966 1.9996971515220803
0.0022694999999999963 1.9996975761194367
0.002274499999999996 1.9996978445915716
0.002279499999999996 1.9996980161985913
0.0022844999999999957 1.9996981263530407
0.0022894999999999955 1.999698197180541
0.0022944999999999953 1.9996982427540904
0.002299499999999995 1.9996982720878322
0.002304499999999995 1.9996982909718948
0.0023094999999999947 1.999698303129964
0.0023144999999999945 1.9996983109581101
0.0023194999999999943 1.9996983159985608
0.002324499999999994 1.999698319244128
0.002329499999999994 1.9996983213339974
0.0023344999999999937 1.9996983226797116
0.0023394999999999935 1.9996983235462547
0.0023444999999999933 1.999698324104249
0.002349499999999993 1.9996983244635609
0.002354499999999993 1.9996983246949345
0.0023594999999999927 1.9996983248439246
0.0023644999999999925 1.9996983249398657
0.0023694999999999923 1.9996981021475737
0.002374499999999992 1.9996936419692704
0.002379499999999992 1.9996774372750625
0.0023844999999999917 1.9996154275104814
0.0023894999999999915 1.9994828090319563
0.0023944999999999913 1.9994290802326329
0.002399499999999991 1.9994088605977647
0.002404499999999991 1.9994012514665656
0.0024094999999999906 1.9993983879930708
0.0024144999999999904 1.9993973104155645
0.0024194999999999902 1.999396904905494
0.00242449999999999 1.9993967523062548
0.00242949999999999 1.999396694881333
0.0024344999999999896 1.999396673271837
0.0024394999999999894 1.9993966651401114
0.002444499999999989 1.9993966620801895
0.002449499999999989 1.9993966609288047
0.002454499999999989 1.9993966604955933
0.0024594999999999886 1.9993966603326159
0.0024644999999999884 1.9993966602713147
0.002469499999999988 1.9993966602482656
0.002474499999999988 1.999396660239604
0.002479499999999988 1.9993966602363527
0.0024844999999999876 1.999396660235134
0.0024894999999999874 1.9993966602346789
0.002494499999999987 1.9993966602345097
0.002499499999999987 1.999396660234447
0.0025044999999999868 1.9993966602344249
0.0025094999999999866 1.9993966602344166
0.0025144999999999864 1.999396660234414
0.002519499999999986 1.9993966602344133
0.002524499999999986 1.9993966602344129
0.0025294999999999858 1.9993966602344135
0.0025344999999999855 1.9993966602344133
0.0025394999999999853 1.9993966602344133
0.002544499999999985 1.9993966602344133
0.002549499999999985 1.9993966602344135
0.0025544999999999847 1.9993966602344138
0.0025594999999999845 1.999396660234414
0.0025644999999999843 1.999396660234672
0.002569499999999984 1.9993966602531883
0.002574499999999984 1.9993966605639515
0.0025794999999999837 1.9993966616328658
0.0025844999999999835 1.999411254080318
0.0025894999999999833 1.9995212110867504
0.002594499999999983 1.9996085182765062
0.002599499999999983 1.9996562153480606
0.0026044999999999827 1.999678921100705
0.0026094999999999825 1.9996893519305599
0.0026144999999999823 1.9996941423947203
0.002619499999999982 1.9996963618533738
0.002624499999999982 1.9996973991634903
0.0026294999999999817 1.9996978870798654
0.0026344999999999815 1.99969811752582
0.0026394999999999813 1.9996982266361276
0.002644499999999981 1.9996982783705517
0.002649499999999981 1.9996983029198072
0.0026544999999999807 1.9996983145740979
0.0026594999999999805 1.9996983201080476
0.0026644999999999803 1.999698322736129
0.00266949999999998 1.999698323984291
0.00267449999999998 1.9996983245771047
0.0026794999999999796 1.999698324858666
0.0026844999999999794 1.9996983249923974
0.0026894999999999792 1.999698325055915
0.002694499999999979 1.9996983250860834
0.002699499999999979 1.9996983251004126
0.0027044999999999786 1.9996983251072185
0.0027094999999999784 1.999698325110451
0.002714499999999978 1.999698325111986
0.002719499999999978 1.9996983251127154
0.002724499999999978 1.9996983251130616
0.0027294999999999776 1.9996983251132259
0.0027344999999999774 1.9996983251133043
0.002739499999999977 1.9996983251133416
0.002744499999999977 1.9996983251133589
0.002749499999999977 1.999698325113368
0.0027544999999999766 1.9996983251133713
0.0027594999999999764 1.999698325113373
0.002764499999999976 1.999698325113374
0.002769499999999976 1.9996981022564047
0.0027744999999999758 1.9996936419835991
0.0027794999999999756 1.9996774370603734
0.0027844999999999754 1.9996154253058094
0.002789499999999975 1.9994789868748535
0.002794499999999975 1.9994276414214924
0.0027994999999999748 1.9994083189944343
0.0028044999999999745 1.9994010476141308
0.0028094999999999743 1.9993983112735267
0.002814499999999974 1.9993972815455268
0.002819499999999974 1.999396894042787
0.0028244999999999737 1.9993967482194501
0.0028294999999999735 1.9993966933438496
0.0028344999999999733 1.9993966726933035
0.002839499999999973 1.9993966649221795
0.002844499999999973 1.9993966619977843
0.0028494999999999727 1.9993966608972888
0.0028544999999999725 1.9993966604831552
0.0028594999999999723 1.9993966603273101
0.002864499999999972 1.999396660268663
0.002869499999999972 1.9993966602465936
0.0028744999999999717 1.9993966602382882
0.0028794999999999715 1.9993966602351634
0.0028844999999999713 1.9993966602339868
0.002889499999999971 1.999396660233544
0.002894499999999971 1.9993966602333773
0.0028994999999999707 1.999396660233315
0.0029044999999999705 1.9993966602332913
0.0029094999999999703 1.9993966602332824
0.00291449999999997 1.999396660233279
0.00291949999999997 1.9993966602332782
0.0029244999999999697 1.9993966602332773
0.0029294999999999695 1.9993966602332771
0.0029344999999999693 1.9993966602332771
0.002939499999999969 1.9993966602332771
0.002944499999999969 1.9993966602332771
0.0029494999999999686 1.9993966602332776
0.0029544999999999684 1.9993966602332771
0.0029594999999999682 1.9993966602332771
0.002964499999999968 1.9993966602333098
0.002969499999999968 1.9993966602333713
0.0029744999999999676 1.9993966602334587
0.0029794999999999674 1.999396660233577
0.002984499999999967 1.9993963132677162
0.002989499999999967 1.999354617812875
0.002994499999999967 1.9607990446334416
0.0029994999999999666 1.6254048287160237
0.0030044999999999664 1.2302280082263242
0.003009499999999966 0.8823214890402286
0.003014499999999966 0.610308416335065
0.003019499999999966 0.412014306661925
0.0030244999999999656 0.2736654505959907
0.0030294999999999654 0.17982541697158594
0.003034499999999965 0.11732939292207364
0.003039499999999965 0.07619970472673757
0.0030444999999999648 0.04933933011391689
0.0030494999999999646 0.03188500477520955
0.0030544999999999644 0.020579375792905752
0.003059499999999964 0.013271633337184919
0.003064499999999964 0.00855437901011586
0.0030694999999999638 0.005511954014812221
0.0030744999999999635 0.003550814127887963
0.0030794999999999633 0.0022871215905284196
0.003084499999999963 0.0014730288422634917
0.003089499999999963 0.0009486541782626968
0.0030944999999999627 0.0006109255495210696
0.0030994999999999625 0.0003934215538856171
0.0031044999999999623 0.0002533501972966322
0.003109499999999962 0.00016314733673509962
0.003114499999999962 0.00010505964417113272
0.0031194999999999617 6.765346679547975e-05
0.0031244999999999615 4.35655322032705e-05
0.0031294999999999613 2.805402905118488e-05
0.003134499999999961 1.8065374899604908e-05
0.003139499999999961 1.1633178830491141e-05
0.0031444999999999607 7.491169606606004e-06
0.0031494999999999605 4.823926998043385e-06
0.0031544999999999603 3.1063596822550214e-06
0.00315949999999996 2.0003348502170168e-06
0.00316449999999996 1.2881120042529684e-06
0.0031694999999999597 8.294767202582444e-07
0.0031744999999999595 5.341384776284373e-07
0.0031794999999999593 3.4395613978835843e-07
0.003184499999999959 2.2148966395989172e-07
0.003189499999999959 1.4262888497883088e-07
0.0031944999999999587 9.184652131287958e-08
0.0031994999999999585 5.914501528839588e-08
0.0032044999999999582 3.8086734453097594e-08
0.003209499999999958 2.4526151562323332e-08
0.003214499999999958 1.5793744611049992e-08
0.0032194999999999576 1.017046544145415e-08
0.0032244999999999574 6.54932515932678e-09
0.0032294999999999572 4.217472720157889e-09
0.003234499999999957 2.715863994385859e-09
0.003239499999999957 1.7488951011139032e-09
0.0032444999999999566 1.1262103593821303e-09
0.0032494999999999564 7.252292208714527e-10
0.003254499999999956 4.670152922443032e-10
0.003259499999999956 3.0073706482912035e-10
0.003264499999999956 1.9366131930599887e-10
0.0032694999999999556 1.2470932566589866e-10
0.0032744999999999554 8.030732403916076e-11
0.003279499999999955 5.1714419840652586e-11
0.003284499999999955 3.330186769100124e-11
0.003289499999999955 2.144500718082462e-11
0.0032944999999999546 1.3809719035278038e-11
0.0032994999999999544 8.892934780676391e-12
0.003304499999999954 5.726745509826476e-12
0.003309499999999954 3.687861153764452e-12
0.0033144999999999538 2.3749107702654226e-12
0.0033194999999999536 1.5294294145404116e-12
0.0033244999999999534 9.849772159939309e-13
0.003329499999999953 6.343743381245821e-13
0.003334499999999953 4.086017573572966e-13
0.0033394999999999527 2.6321430778446856e-13
0.0033444999999999525 1.695912893406191e-13
0.0033494999999999523 1.0930225058045785e-13
0.003354499999999952 7.047880464761659e-14
0.003359499999999952 4.5478240944878824e-14
0.0033644999999999517 2.937902859466419e-14
0.0033694999999999515 1.9011884426188712e-14
0.0033744999999999513 1.23359312122966e-14
0.003379499999999951 8.036939936878802e-15
0.003384499999999951 5.268586479546642e-15
0.0033894999999999507 3.485766765217525e-15
0.0033944999999999505 2.3376230509399378e-15
0.0033994999999999503 1.5982177164312205e-15
0.00340449999999995 1.1220500606756889e-15
0.00340949999999995 8.154095713455004e-16
0.0034144999999999497 6.179429882171766e-16
0.0034194999999999495 4.907819892733144e-16
0.0034244999999999493 4.0889562019398094e-16
0.003429499999999949 3.5616444665889007e-16
0.003434499999999949 3.2220802441256686e-16
0.0034394999999999487 3.003417170475604e-16
0.0034444999999999485 2.86260886649818e-16
0.0034494999999999483 2.771935326655208e-16
0.003454499999999948 2.7135461306871317e-16
0.003459499999999948 2.6759464514065757e-16
0.0034644999999999477 2.651734177368811e-16
0.0034694999999999475 2.636142714328501e-16
0.0034744999999999472 2.6261026141330677e-16
0.003479499999999947 2.619637307280086e-16
0.003484499999999947 2.6154739836028773e-16
0.0034894999999999466 2.612793018468518e-16
0.0034944999999999464 2.611066615704082e-16
0.0034994999999999462 2.609954901754574e-16
0.003504499999999946 2.609239015589471e-16
0.003509499999999946 2.6087780220164527e-16
0.0035144999999999456 2.6084811660637224e-16
0.0035194999999999454 2.6082900062290333e-16
0.003524499999999945 2.608166909213071e-16
0.003529499999999945 2.6080876411219175e-16
0.003534499999999945 2.608036596584523e-16
0.0035394999999999446 2.608003726551372e-16
0.0035444999999999444 2.6079825599558687e-16
0.003549499999999944 2.6079689297668753e-16
0.003554499999999944 2.60796015263257e-16
0.003559499999999944 2.607954500613619e-16
0.0035644999999999436 2.607950861005125e-16
0.0035694999999999434 2.6078234404125197e-16
0.003574499999999943 2.60740131599577e-16
0.003579499999999943 2.606959149872844e-16
0.0035844999999999428 2.6071338165347946e-16
0.0035894999999999426 2.6087122400614527e-16
0.0035944999999999424 2.610734377405202e-16
0.003599499999999942 2.613105652441343e-16
0.003604499999999942 2.614873426366753e-16
0.0036094999999999417 2.616080607226898e-16
0.0036144999999999415 2.6168788191469716e-16
0.0036194999999999413 2.6173995044700734e-16
0.003624499999999941 2.617737043163094e-16
0.003629499999999941 2.617955184144037e-16
0.0036344999999999407 2.6180959371825533e-16
0.0036394999999999405 2.6181866782485595e-16
0.0036444999999999403 2.6182451494602264e-16
0.00364949999999994 2.618282816607822e-16
0.00365449999999994 2.6183070780193397e-16
0.0036594999999999397 2.618322703398435e-16
0.0036644999999999395 2.6183327662843364e-16
0.0036694999999999393 2.61833924667884e-16
0.003674499999999939 2.6183434199126026e-16
0.003679499999999939 2.618346107357277e-16
0.0036844999999999387 2.618347837985395e-16
0.0036894999999999385 2.618348952450473e-16
0.0036944999999999383 2.6183496701262423e-16
0.003699499999999938 2.618350132283302e-16
0.003704499999999938 2.6183504298954148e-16
0.0037094999999999377 2.618350621546549e-16
0.0037144999999999375 2.618350744962741e-16
0.0037194999999999373 2.6183508244381583e-16
0.003724499999999937 2.6183508756173535e-16
0.003729499999999937 2.6183509085748266e-16
0.0037344999999999367 2.6183509297982097e-16
0.0037394999999999365 2.6183509434652673e-16
0.0037444999999999362 2.618350952266347e-16
0.003749499999999936 2.6183509579339087e-16
0.003754499999999936 2.6183509615836086e-16
0.0037594999999999356 2.618350963933884e-16
0.0037644999999999354 2.618797594557236e-16
0.0037694999999999352 2.6416510417029543e-16
0.003774499999999935 3.5024994223598475e-16
0.003779499999999935 6.223484102599489e-15
0.0037844999999999346 0.0014759550584987895
0.0037894999999999344 0.16661811656881395
0.003794499999999934 0.766745686527218
0.003799499999999934 1.4077225958873567
0.003804499999999934 1.7636093014366376
0.0038094999999999336 1.9240640266567088
0.0038144999999999334 1.97819736510267
0.003819499999999933 1.993991515829527
0.003824499999999933 1.9982359100438876
0.003829499999999933 1.999324370673476
0.0038344999999999326 1.9995980938247748
0.0038394999999999324 1.9996678248940882
0.003844499999999932 1.9996868224748563
0.003849499999999932 1.9996928513859769
0.0038544999999999318 1.9996952596564468
0.0038594999999999316 1.9996964610470465
0.0038644999999999314 1.9996971515225241
0.003869499999999931 1.999697576119623
0.003874499999999931 1.9996978445916413
0.0038794999999999307 1.9996980161986275
0.0038844999999999305 1.9996981263530629
0.0038894999999999303 1.9996981971805545
0.00389449999999993 1.9996982427540986
0.00389949999999993 1.999698272087838
0.0039044999999999297 1.999698290971898
0.0039094999999999295 1.9996983031299664
0.003914499999999929 1.9996983109581117
0.003919499999999929 1.999698315998562
0.003924499999999929 1.9996983192441284
0.003929499999999929 1.9996983213339978
0.0039344999999999285 1.9996983226797123
0.003939499999999928 1.9996983235462549
0.003944499999999928 1.9996983241042492
0.003949499999999928 1.9996983244635609
0.003954499999999928 1.9996983246949347
0.0039594999999999275 1.999698324843925
0.003964499999999927 1.9996983249398657
0.003969499999999927 1.9996981021475735
0.003974499999999927 1.9996936419692704
0.003979499999999927 1.999677437275063
0.0039844999999999265 1.9996154275104832
0.003989499999999926 1.999482809031959
0.003994499999999926 1.9994290802326333
0.003999499999999926 1.9994088605977645
0.004004499999999926 1.9994012514665656
0.0040094999999999255 1.9993983879930708
0.004014499999999925 1.9993973104155645
0.004019499999999925 1.9993969049054934
0.004024499999999925 1.9993967523062528
0.004029499999999925 1.9993966948813349
0.004034499999999924 1.9993966732718376
0.004039499999999924 1.9993966651401116
0.004044499999999924 1.9993966620801895
0.004049499999999924 1.999396660928805
0.004054499999999924 1.9993966604955935
0.004059499999999923 1.9993966603326156
0.004064499999999923 1.9993966602713142
0.004069499999999923 1.9993966602482651
0.004074499999999923 1.9993966602396034
0.004079499999999923 1.999396660236352
0.004084499999999922 1.9993966602351338
0.004089499999999922 1.9993966602346789
0.004094499999999922 1.9993966602345097
0.004099499999999922 1.999396660234447
0.004104499999999922 1.999396660234425
0.004109499999999921 1.9993966602344166
0.004114499999999921 1.999396660234414
0.004119499999999921 1.9993966602344135
0.004124499999999921 1.9993966602344135
0.0041294999999999206 1.9993966602344138
0.00413449999999992 1.9993966602344135
0.00413949999999992 1.9993966602344135
0.00414449999999992 1.9993966602344135
0.00414949999999992 1.9993966602344135
0.0041544999999999195 1.9993966602344138
0.004159499999999919 1.9993966602344133
0.004164499999999919 1.999396660234672
0.004169499999999919 1.999396660253188
0.004174499999999919 1.9993966605639515
0.0041794999999999185 1.999396661632866
0.004184499999999918 1.9994112540803166
0.004189499999999918 1.9995212110867484
0.004194499999999918 1.9996085182765058
0.004199499999999918 1.9996562153480597
0.0042044999999999175 1.999678921100705
0.004209499999999917 1.9996893519305603
0.004214499999999917 1.9996941423947203
0.004219499999999917 1.9996963618533738
0.004224499999999917 1.99969739916349
0.0042294999999999165 1.9996978870798654
0.004234499999999916 1.9996981175258197
0.004239499999999916 1.9996982266361278
0.004244499999999916 1.9996982783705524
0.004249499999999916 1.9996983029198074
0.0042544999999999155 1.9996983145740974
0.004259499999999915 1.9996983201080472
0.004264499999999915 1.999698322736129
0.004269499999999915 1.9996983239842905
0.004274499999999915 1.999698324577105
0.0042794999999999144 1.9996983248586662
0.004284499999999914 1.9996983249923974
0.004289499999999914 1.999698325055915
0.004294499999999914 1.9996983250860831
0.004299499999999914 1.9996983251004121
0.004304499999999913 1.999698325107218
0.004309499999999913 1.999698325110451
0.004314499999999913 1.999698325111986
0.004319499999999913 1.9996983251127145
0.004324499999999913 1.9996983251130616
0.004329499999999912 1.9996983251132259
0.004334499999999912 1.9996983251133043
0.004339499999999912 1.9996983251133411
0.004344499999999912 1.9996983251133589
0.004349499999999912 1.9996983251133675
0.004354499999999911 1.9996983251133713
0.004359499999999911 1.999698325113373
0.004364499999999911 1.9996983251133742
0.004369499999999911 1.9996981022564044
0.004374499999999911 1.999693641983599
0.00437949999999991 1.9996774370603736
0.00438449999999991 1.9996154253058112
0.00438949999999991 1.9994789868747374
0.00439449999999991 1.999427641421449
0.0043994999999999096 1.9994083189944178
0.004404499999999909 1.9994010476141246
0.004409499999999909 1.9993983112735243
0.004414499999999909 1.9993972815455257
0.004419499999999909 1.9993968940427864
0.0044244999999999085 1.9993967482194503
0.004429499999999908 1.9993966933438498
0.004434499999999908 1.9993966726933035
0.004439499999999908 1.99939666492218
0.004444499999999908 1.9993966619977843
0.0044494999999999075 1.9993966608972888
0.004454499999999907 1.9993966604831552
0.004459499999999907 1.9993966603273103
0.004464499999999907 1.999396660268663
0.004469499999999907 1.9993966602465938
0.0044744999999999065 1.999396660238288
0.004479499999999906 1.999396660235163
0.004484499999999906 1.9993966602339865
0.004489499999999906 1.999396660233544
0.004494499999999906 1.9993966602333777
0.0044994999999999055 1.9993966602333149
0.004504499999999905 1.999396660233291
0.004509499999999905 1.999396660233282
0.004514499999999905 1.9993966602332793
0.004519499999999905 1.9993966602332784
0.0045244999999999045 1.9993966602332776
0.004529499999999904 1.9993966602332773
0.004534499999999904 1.9993966602332771
0.004539499999999904 1.9993966602332771
0.004544499999999904 1.9993966602332773
0.0045494999999999034 1.9993966602332771
0.004554499999999903 1.9993966602332771
0.004559499999999903 1.9993966602332771
0.004564499999999903 1.9993966602333102
0.004569499999999903 1.9993966602333713
0.004574499999999902 1.9993966602334585
0.004579499999999902 1.9993966602335769
0.004584499999999902 1.999396313267717
0.004589499999999902 1.9993546178128765
0.004594499999999902 1.960799044635855
0.004599499999999901 1.6254048287212923
0.004604499999999901 1.2302280082313914
0.004609499999999901 0.8823214890443805
0.004614499999999901 0.6103084163381773
0.004619499999999901 0.41201430666413486
0.0046244999999999 0.2736654505975065
0.0046294999999999 0.17982541697260282
0.0046344999999999 0.11732939292274602
0.0046394999999999 0.076199704727178
0.0046444999999999 0.04933933011420598
0.004649499999999899 0.03188500477539705
0.004654499999999899 0.02057937138972469
0.004659499999999899 0.013271629729025314
0.004664499999999899 0.00855437681445026
0.0046694999999998986 0.005511952599182396
0.004674499999999898 0.003550813211640656
0.004679499999999898 0.002287121000212488
0.004684499999999898 0.001473028462006117
0.004689499999999898 0.0009486539333450188
0.0046944999999998975 0.0006109253917853687
0.004699499999999897 0.00039342145230312575
0.004704499999999897 0.00025335013187909494
0.004709499999999897 0.0001631472946080727
0.004714499999999897 0.00010505961704288017
0.0047194999999998965 6.76534493260303e-05
0.004724499999999896 4.356552095374282e-05
0.004729499999999896 2.805402180702775e-05
0.004734499999999896 1.8065370234724982e-05
0.004739499999999896 1.163317582654282e-05
0.0047444999999998955 7.491167672215979e-06
0.004749499999999895 4.823925752395274e-06
0.004754499999999895 3.106358880121734e-06
0.004759499999999895 2.000334333684584e-06
0.004764499999999895 1.288111671632796e-06
0.0047694999999998945 8.294765060682406e-07
0.004774499999999894 5.341383397015655e-07
0.004779499999999894 3.4395605097094856e-07
0.004784499999999894 2.214896067661497e-07
0.004789499999999894 1.426288481487611e-07
0.0047944999999998935 9.184649759598786e-08
0.004799499999999893 5.9145000015787726e-08
0.004804499999999893 3.808672461822361e-08
0.004809499999999893 2.4526145229104877e-08
0.004814499999999893 1.5793740532740593e-08
0.0048194999999998924 1.0170462815205244e-08
0.004824499999999892 6.549323468139892e-09
0.004829499999999892 4.217471631109134e-09
0.004834499999999892 2.715863293087143e-09
0.004839499999999892 1.7488946495088789e-09
0.004844499999999891 1.1262100685686821e-09
0.004849499999999891 7.252290336005917e-10
0.004854499999999891 4.6701517165024e-10
0.004859499999999891 3.007369871719343e-10
0.004864499999999891 1.936612692982424e-10
0.00486949999999989 1.247092934631389e-10
0.00487449999999989 8.030730330202298e-11
0.00487949999999989 5.1714406486862823e-11
0.00488449999999989 3.3301859091757566e-11
0.00488949999999989 2.1445001643296095e-11
0.004894499999999889 1.3809715469357205e-11
0.004899499999999889 8.89293248438278e-12
0.004904499999999889 5.726744031116038e-12
0.004909499999999889 3.68786020154103e-12
0.004914499999999889 2.3749101570761045e-12
0.004919499999999888 1.529429019673901e-12
0.004924499999999888 9.849769617175493e-13
0.004929499999999888 6.343741743819589e-13
0.004934499999999888 4.086016519143669e-13
0.0049394999999998876 2.632142398839353e-13
0.004944499999999887 1.69591245615711e-13
0.004949499999999887 1.0930222242357162e-13
0.004954499999999887 7.047878651584052e-14
0.004959499999999887 4.5478229268825554e-14
0.0049644999999998865 2.9379021075802354e-14
0.004969499999999886 1.901187958436925e-14
0.004974499999999886 1.2335928094371856e-14
0.004979499999999886 8.036937929065475e-15
0.004984499999999886 5.2685851865976445e-15
0.0049894999999998855 3.485765932616457e-15
0.004994499999999885 2.3376225147847816e-15
0.004999499999999885 1.5982173711740937e-15
0.005004499999999885 1.1220498383477064e-15
0.005009499999999885 8.154094281777257e-16
0.0050144999999998845 6.179428960245333e-16
0.005019499999999884 4.907819299060291e-16
0.005024499999999884 4.0889558196452916e-16
0.005029499999999884 3.561644220411074e-16
0.005034499999999884 3.2220800855999257e-16
0.0050394999999998835 3.003417068393259e-16
0.005044499999999883 2.8626088007624556e-16
0.005049499999999883 2.7719352843247883e-16
0.005054499999999883 2.713546103428559e-16
0.005059499999999883 2.67594643385348e-16
0.0050644999999998825 2.6517341660655143e-16
0.005069499999999882 2.636142707049774e-16
0.005074499999999882 2.6261026094459535e-16
0.005079499999999882 2.619637304261809e-16
0.005084499999999882 2.615473981659263e-16
0.0050894999999998814 2.612793017216921e-16
0.005094499999999881 2.6110666148981285e-16
0.005099499999999881 2.6099549012355793e-16
0.005104499999999881 2.6092390152552554e-16
0.005109499999999881 2.6087780218012234e-16
0.00511449999999988 2.6084811659251086e-16
0.00511949999999988 2.6082900061397643e-16
0.00512449999999988 2.6081669091555845e-16
0.00512949999999988 2.6080876410849046e-16
0.00513449999999988 2.6080365965606887e-16
0.005139499999999879 2.6080037265360335e-16
0.005144499999999879 2.607982559945983e-16
0.005149499999999879 2.6079689297605033e-16
0.005154499999999879 2.607960152628467e-16
0.005159499999999879 2.607954500610983e-16
0.005164499999999878 2.607950861003427e-16
0.005169499999999878 2.607823440411433e-16
0.005174499999999878 2.6074013159369743e-16
0.005179499999999878 2.6069591498093113e-16
0.005184499999999878 2.607133816470465e-16
0.005189499999999877 2.608712240009382e-16
0.005194499999999877 2.6107343773547206e-16
0.005199499999999877 2.6131056524043755e-16
0.005204499999999877 2.614873426341741e-16
0.0052094999999998766 2.616080607210441e-16
0.005214499999999876 2.616878819136284e-16
0.005219499999999876 2.6173995044631536e-16
0.005224499999999876 2.6177370431586244e-16
0.005229499999999876 2.6179551841411383e-16
0.0052344999999998755 2.6180959371806694e-16
0.005239499999999875 2.6181866782473457e-16
0.005244499999999875 2.618245149459443e-16
0.005249499999999875 2.618282816607319e-16
0.005254499999999875 2.6183070780190183e-16
0.0052594999999998745 2.6183227033982263e-16
0.005264499999999874 2.618332766284214e-16
0.005269499999999874 2.618339246678754e-16
0.005274499999999874 2.618343419912553e-16
0.005279499999999874 2.6183461073572586e-16
0.0052844999999998735 2.6183478379853815e-16
0.005289499999999873 2.6183489524504817e-16
0.005294499999999873 2.6183496701262605e-16
0.005299499999999873 2.61835013228332e-16
0.005304499999999873 2.6183504298954286e-16
0.0053094999999998725 2.6183506215465586e-16
0.005314499999999872 2.618350744962754e-16
0.005319499999999872 2.618350824438154e-16
0.005324499999999872 2.6183508756173446e-16
0.005329499999999872 2.6183509085748266e-16
0.0053344999999998715 2.618350929798205e-16
0.005339499999999871 2.6183509434652673e-16
0.005344499999999871 2.618350952266347e-16
0.005349499999999871 2.618350957933918e-16
0.005354499999999871 2.618350961583618e-16
0.0053594999999998704 2.618350963933893e-16
0.00536449999999987 2.618797594557236e-16
0.00536949999999987 2.641651041700998e-16
0.00537449999999987 3.5024994223240895e-16
0.00537949999999987 6.223484102121581e-15
0.005384499999999869 0.0014759550581465413
0.005389499999999869 0.16661811656415398
0.005394499999999869 0.7667456865166966
0.005399499999999869 1.4077225958805228
0.005404499999999869 1.7636093014328713
0.005409499999999868 1.9240640266553115
0.005414499999999868 1.978197365102241
0.005419499999999868 1.9939915158294088
0.005424499999999868 1.9982359100438567
0.005429499999999868 1.9993243706734691
0.005434499999999867 1.9995980938238072
0.005439499999999867 1.999667824893847
0.005444499999999867 1.9996868224747988
0.005449499999999867 1.9996928513859633
0.005454499999999867 1.9996952596564437
0.005459499999999866 1.9996964610470458
0.005464499999999866 1.9996971515225241
0.005469499999999866 1.9996975761196232
0.005474499999999866 1.9996978445916413
0.0054794999999998656 1.9996980161986273
0.005484499999999865 1.9996981263530622
0.005489499999999865 1.9996981971805547
0.005494499999999865 1.999698242754099
0.005499499999999865 1.9996982720878376
0.0055044999999998645 1.9996982909718979
0.005509499999999864 1.9996983031299664
0.005514499999999864 1.9996983109581117
0.005519499999999864 1.999698315998562
0.005524499999999864 1.999698319244128
0.0055294999999998635 1.9996983213339978
0.005534499999999863 1.9996983226797123
0.005539499999999863 1.9996983235462549
0.005544499999999863 1.9996983241042494
0.005549499999999863 1.9996983244635613
0.0055544999999998625 1.9996983246949347
0.005559499999999862 1.9996983248439246
0.005564499999999862 1.9996983249398654
0.005569499999999862 1.9996981021475737
0.005574499999999862 1.9996936419692708
0.0055794999999998615 1.999677437275063
0.005584499999999861 1.999615427510484
0.005589499999999861 1.99948280903196
0.005594499999999861 1.999429080232634
0.005599499999999861 1.9994088605977645
0.0056044999999998605 1.9994012514665656
0.00560949999999986 1.9993983879930712
0.00561449999999986 1.9993973104155647
0.00561949999999986 1.9993969049054938
0.00562449999999986 1.9993967523062532
0.0056294999999998594 1.9993966948813324
0.005634499999999859 1.9993966732718365
0.005639499999999859 1.9993966651401116
0.005644499999999859 1.9993966620801897
0.005649499999999859 1.9993966609288052
0.005654499999999858 1.9993966604955935
0.005659499999999858 1.9993966603326156
0.005664499999999858 1.9993966602713145
0.005669499999999858 1.9993966602482653
0.005674499999999858 1.9993966602396036
0.005679499999999857 1.9993966602363522
0.005684499999999857 1.999396660235134
0.005689499999999857 1.999396660234679
0.005694499999999857 1.9993966602345097
0.005699499999999857 1.999396660234447
0.005704499999999856 1.9993966602344246
0.005709499999999856 1.9993966602344166
0.005714499999999856 1.999396660234414
0.005719499999999856 1.9993966602344133
0.005724499999999856 1.9993966602344133
0.005729499999999855 1.9993966602344135
0.005734499999999855 1.9993966602344133
0.005739499999999855 1.9993966602344133
0.005744499999999855 1.9993966602344135
0.0057494999999998546 1.999396660234414
0.005754499999999854 1.999396660234414
0.005759499999999854 1.9993966602344138
0.005764499999999854 1.9993966602346718
0.005769499999999854 1.999396660253188
0.0057744999999998535 1.9993966605639515
0.005779499999999853 1.999396661632866
0.005784499999999853 1.999411254082677
0.005789499999999853 1.999521211088675
0.005794499999999853 1.9996085182775367
0.0057994999999998525 1.999656215348537
0.005804499999999852 1.9996789211009183
0.005809499999999852 1.999689351930656
0.005814499999999852 1.9996941423947643
0.005819499999999852 1.999696361853394
0.0058244999999998515 1.9996973991634999
0.005829499999999851 1.9996978870798703
0.005834499999999851 1.9996981175258217
0.005839499999999851 1.999698226636129
0.005844499999999851 1.9996982783705526
0.0058494999999998505 1.9996983029198077
0.00585449999999985 1.9996983145740979
0.00585949999999985 1.9996983201080476
0.00586449999999985 1.9996983227361287
0.00586949999999985 1.9996983239842905
0.0058744999999998495 1.9996983245771047
0.005879499999999849 1.9996983248586664
0.005884499999999849 1.9996983249923967
0.005889499999999849 1.9996983250559148
0.005894499999999849 1.9996983250860838
0.0058994999999998484 1.9996983251004121
0.005904499999999848 1.999698325107218
0.005909499999999848 1.999698325110451
0.005914499999999848 1.9996983251119864
0.005919499999999848 1.9996983251127154
0.005924499999999847 1.9996983251130618
0.005929499999999847 1.9996983251132259
0.005934499999999847 1.9996983251133043
0.005939499999999847 1.9996983251133418
0.005944499999999847 1.9996983251133593
0.005949499999999846 1.9996983251133675
0.005954499999999846 1.9996983251133709
0.005959499999999846 1.9996983251133724
0.005964499999999846 1.9996983251133742
0.005969499999999846 1.9996981022564044
0.005974499999999845 1.9996936419835993
0.005979499999999845 1.9996774370603736
0.005984499999999845 1.999615425305812
0.005989499999999845 1.9994789868748548
0.005994499999999845 1.999427641421493
0.005999499999999844 1.999408318994434
0.006004499999999844 1.9994010476141308
0.006009499999999844 1.9993983112735265
0.006014499999999844 1.9993972815455268
0.0060194999999998436 1.9993968940429117
0.006024499999999843 1.999396748219497
0.006029499999999843 1.9993966933438672
0.006034499999999843 1.9993966726933103
0.006039499999999843 1.9993966649221826
0.0060444999999998425 1.9993966619977857
0.006049499999999842 1.9993966608972893
0.006054499999999842 1.9993966604831555
0.006059499999999842 1.9993966603273103
0.006064499999999842 1.999396660268663
0.0060694999999998415 1.9993966602465933
0.006074499999999841 1.999396660238288
0.006079499999999841 1.9993966602351627
0.006084499999999841 1.9993966602339865
0.006089499999999841 1.9993966602335442
0.0060944999999998405 1.999396660233378
0.00609949999999984 1.999396660233315
0.00610449999999984 1.9993966602332913
0.00610949999999984 1.9993966602332824
0.00611449999999984 1.999396660233279
0.0061194999999998395 1.9993966602332778
0.006124499999999839 1.9993966602332771
0.006129499999999839 1.9993966602332771
0.006134499999999839 1.9993966602332771
0.006139499999999839 1.9993966602332771
0.0061444999999998385 1.9993966602332773
0.006149499999999838 1.9993966602332771
0.006154499999999838 1.9993966602332771
0.006159499999999838 1.9993966602332771
0.006164499999999838 1.99939666023331
0.0061694999999998374 1.9993966602333713
0.006174499999999837 1.9993966602334585
0.006179499999999837 1.9993966602335767
0.006184499999999837 1.999396313267716
0.006189499999999837 1.9993546178128525
0.006194499999999836 1.9607990438044844
0.006199499999999836 1.6254048268033692
0.006204499999999836 1.2302280063782243
0.006209499999999836 0.8823214875242473
0.006214499999999836 0.6103084151983482
0.006219499999999835 0.4120143058547867
0.006224499999999835 0.27366545004233084
0.006229499999999835 0.17982541660017062
0.006234499999999835 0.11732939267648847
0.006239499999999835 0.0761997045658667
0.006244499999999834 0.04933933000917513
0.006249499999999834 0.03188500470727963
0.006254499999999834 0.020579375748961317
0.006259499999999834 0.013271633308803227
0.006264499999999834 0.008554379124035056
0.006269499999999833 0.0055119540882603004
0.006274499999999833 0.00355081417522209
0.006279499999999833 0.0022871216217023415
0.006284499999999833 0.0014730288623444575
0.0062894999999998326 0.0009486541911965247
0.006294499999999832 0.0006109255578509151
0.006299499999999832 0.0003934215592500744
0.006304499999999832 0.000253350200751259
0.006309499999999832 0.00016314733895978061
0.0063144999999998315 0.0001050596456037453
0.006319499999999831 6.765346771802174e-05
0.006324499999999831 4.3565532797345435e-05
0.006329499999999831 2.8054029433740695e-05
0.006334499999999831 1.8065375145951993e-05
0.0063394999999998305 1.1633178989126287e-05
0.00634449999999983 7.491169708758977e-06
0.00634949999999983 4.823927063824668e-06
0.00635449999999983 3.1063597246147808e-06
0.00635949999999983 2.0003348774945164e-06
0.0063644999999998295 1.2881120218182667e-06
0.006369499999999829 8.294767315693783e-07
0.006374499999999829 5.341384849122009e-07
0.006379499999999829 3.439561444787064e-07
0.006384499999999829 2.214896669802293e-07
0.0063894999999998285 1.4262888692378574e-07
0.006394499999999828 9.184652256534215e-08
0.006399499999999828 5.914501609492526e-08
0.0064 3.80867349724663e-08
