0 2.6015619472543303e-16
4.9999999999999996e-06 2.6013987056297536e-16
9.999999999999999e-06 2.6012850725641274e-16
1.4999999999999999e-05 2.601210055969458e-16
1.9999999999999998e-05 2.601161334402906e-16
2.4999999999999998e-05 2.6011298654982207e-16
2.9999999999999997e-05 2.601109579491528e-16
3.5e-05 2.6010965114686966e-16
3.9999999999999996e-05 2.6010880952887133e-16
4.4999999999999996e-05 2.601378529562752e-16
4.9999999999999996e-05 2.6019682333590033e-16
5.4999999999999995e-05 2.6028354056380487e-16
5.9999999999999995e-05 2.603979513681304e-16
6.5e-05 2.6054291728636513e-16
7e-05 2.60724794400551e-16
7.5e-05 2.609026090453906e-16
7.999999999999999e-05 2.6103841649093886e-16
8.499999999999999e-05 2.6113368574469144e-16
8.999999999999999e-05 2.611979495857939e-16
9.499999999999999e-05 2.6124042603045883e-16
9.999999999999999e-05 2.6126818997690717e-16
0.00010499999999999999 2.612862233298923e-16
0.00010999999999999999 2.6129789417856955e-16
0.00011499999999999999 2.613054315747592e-16
0.00011999999999999999 2.6131029355889884e-16
0.000125 2.6131342755938976e-16
0.00013000000000000002 2.6131544688220295e-16
0.00013500000000000003 2.613167476748358e-16
0.00014000000000000004 2.6131758549234847e-16
0.00014500000000000006 2.6131812507154413e-16
0.00015000000000000007 2.613184725598213e-16
0.00015500000000000008 2.6131869633554286e-16
0.0001600000000000001 2.6131884044041704e-16
0.0001650000000000001 2.6133227622701795e-16
0.00017000000000000012 2.6135839969315674e-16
0.00017500000000000013 2.6139636384566633e-16
0.00018000000000000015 2.614465714260146e-16
0.00018500000000000016 2.614768924448613e-16
0.00019000000000000017 2.614027203676545e-16
0.00019500000000000019 2.6127971783533035e-16
0.0002000000000000002 2.6115244170664334e-16
0.0002050000000000002 2.6104634569859657e-16
0.00021000000000000023 2.6096663838442864e-16
0.00021500000000000024 2.609100050196723e-16
0.00022000000000000025 2.6087105810786465e-16
0.00022500000000000026 2.608448151911205e-16
0.00023000000000000028 2.608273677632426e-16
0.0002350000000000003 2.608158732229428e-16
0.0002400000000000003 2.608083484849548e-16
0.0002450000000000003 2.6080344467551335e-16
0.00025000000000000033 2.608002592218945e-16
0.00025500000000000034 2.6079819482518827e-16
0.00026000000000000036 2.6079685922585933e-16
0.00026500000000000037 2.6079599620809196e-16
0.0002700000000000004 2.607954390630711e-16
0.0002750000000000004 2.6079507962262543e-16
0.0002800000000000004 2.6079484784437137e-16
0.0002850000000000004 2.6079469844051516e-16
0.00029000000000000044 2.6079460216061143e-16
0.00029500000000000045 2.607945401273555e-16
0.00030000000000000046 2.607945001650124e-16
0.0003050000000000005 2.607944744236669e-16
0.0003100000000000005 2.607944578439332e-16
0.0003150000000000005 2.6079444716571564e-16
0.0003200000000000005 2.6079444028867525e-16
0.00032500000000000053 2.6079443585982765e-16
0.00033000000000000054 2.6079443300769385e-16
0.00033500000000000055 2.6079443117098053e-16
0.00034000000000000057 2.6079442998819084e-16
0.0003450000000000006 2.6079442922651664e-16
0.0003500000000000006 2.6079442873602684e-16
0.0003550000000000006 2.60794428420173e-16
0.0003600000000000006 2.6079442821677823e-16
0.00036500000000000063 2.607944280853721e-16
0.00037000000000000065 2.607780623336156e-16
0.00037500000000000066 2.607344471798407e-16
0.00038000000000000067 2.60692480850201e-16
0.0003850000000000007 2.6072229894306326e-16
0.0003900000000000007 2.6087669609017586e-16
0.0003950000000000007 2.610166613794781e-16
0.0004000000000000007 2.6111314466288477e-16
0.00040500000000000074 2.6118165810064514e-16
0.00041000000000000075 2.6122870260821233e-16
0.00041500000000000076 2.6126016642187396e-16
0.0004200000000000008 2.6128087670730934e-16
0.0004250000000000008 2.612943833477172e-16
0.0004300000000000008 2.6130314520207086e-16
0.0004350000000000008 2.6130881161743654e-16
0.00044000000000000083 2.613124696349036e-16
0.00044500000000000084 2.613148286591783e-16
0.00045000000000000086 2.613163490541148e-16
0.00045500000000000087 2.613173286054755e-16
0.0004600000000000009 2.613179595752708e-16
0.0004650000000000009 2.613183659602964e-16
0.0004700000000000009 2.613186276799303e-16
0.0004750000000000009 2.6131879622540163e-16
0.00048000000000000093 2.613189047648106e-16
0.00048500000000000095 2.613189746607171e-16
0.000490000000000001 2.6131901967107375e-16
0.000495000000000001 2.6131904865592705e-16
0.000500000000000001 2.613190673209495e-16
0.000505000000000001 2.613190793404172e-16
0.000510000000000001 2.6131908708042775e-16
0.000515000000000001 2.613190920646523e-16
0.000520000000000001 2.613190952742725e-16
0.000525000000000001 2.6131909734112464e-16
0.0005300000000000011 2.613190986720852e-16
0.0005350000000000011 2.6131909952916303e-16
0.0005400000000000011 2.6131910008108237e-16
0.0005450000000000011 2.613191004364942e-16
0.0005500000000000011 2.613191006653645e-16
0.0005550000000000011 2.613191008127469e-16
0.0005600000000000011 2.6131910090765467e-16
0.0005650000000000012 2.613324439571653e-16
0.0005700000000000012 2.6135850770436033e-16
0.0005750000000000012 2.6139643340037963e-16
0.0005800000000000012 2.6144661621639295e-16
0.0005850000000000012 2.614769212880117e-16
0.0005900000000000012 2.6140273894134094e-16
0.0005950000000000012 2.612797297958891e-16
0.0006000000000000012 2.6115244940864202e-16
0.0006050000000000013 2.610463506582889e-16
0.0006100000000000013 2.6096664157821435e-16
0.0006150000000000013 2.6091000707630595e-16
0.0006200000000000013 2.608710594322292e-16
0.0006250000000000013 2.6084481604394326e-16
0.0006300000000000013 2.6082736831241533e-16
0.0006350000000000013 2.608158735765825e-16
0.0006400000000000014 2.6080834871267987e-16
0.0006450000000000014 2.6080344482215756e-16
0.0006500000000000014 2.608002593163267e-16
0.0006550000000000014 2.6079819488599836e-16
0.0006600000000000014 2.607968592650178e-16
0.0006650000000000014 2.607959962333085e-16
0.0006700000000000014 2.6079543907931e-16
0.0006750000000000014 2.6079507963308257e-16
0.0006800000000000015 2.607948478511046e-16
0.0006850000000000015 2.6079469844485133e-16
0.0006900000000000015 2.607946021634047e-16
0.0006950000000000015 2.6079454012915336e-16
0.0007000000000000015 2.6079450016616904e-16
0.0007050000000000015 2.607944744244105e-16
0.0007100000000000015 2.607944578444123e-16
0.0007150000000000016 2.6079444716602403e-16
0.0007200000000000016 2.6079444028887316e-16
0.0007250000000000016 2.6079443585995535e-16
0.0007300000000000016 2.6079443300777624e-16
0.0007350000000000016 2.6079443117103264e-16
0.0007400000000000016 2.6079442998822343e-16
0.0007450000000000016 2.6079442922653656e-16
0.0007500000000000016 2.6079442873604045e-16
0.0007550000000000017 2.6079442842018114e-16
0.0007600000000000017 2.607944282167814e-16
0.0007650000000000017 2.6079442808537526e-16
0.0007700000000000017 2.6077806233362014e-16
0.0007750000000000017 2.607344471798452e-16
0.0007800000000000017 2.606924808502037e-16
0.0007850000000000017 2.6072229894306326e-16
0.0007900000000000017 2.6087669609017635e-16
0.0007950000000000018 2.610166613794776e-16
0.0008000000000000018 2.6111314466288295e-16
0.0008050000000000018 2.611816581006433e-16
0.0008100000000000018 2.6122870260821056e-16
0.0008150000000000018 2.612601664218726e-16
0.0008200000000000018 2.6128087670730796e-16
0.0008250000000000018 2.612943833477176e-16
0.0008300000000000019 2.613031452020704e-16
0.0008350000000000019 2.613088116174361e-16
0.0008400000000000019 2.613124696349027e-16
0.0008450000000000019 2.613148286591783e-16
0.0008500000000000019 2.613163490541157e-16
0.0008550000000000019 2.613173286054755e-16
0.0008600000000000019 2.613179595752708e-16
0.0008650000000000019 2.61318365960295e-16
0.000870000000000002 2.613186276799303e-16
0.000875000000000002 2.6131879622540163e-16
0.000880000000000002 2.6131890476481155e-16
0.000885000000000002 2.6131897466071754e-16
0.000890000000000002 2.613190196710742e-16
0.000895000000000002 2.6131904865592617e-16
0.000900000000000002 2.6131906732094864e-16
0.000905000000000002 2.6131907934041633e-16
0.0009100000000000021 2.613190870804268e-16
0.0009150000000000021 2.613190920646523e-16
0.0009200000000000021 2.613190952742725e-16
0.0009250000000000021 2.613190973411237e-16
0.0009300000000000021 2.613190986720838e-16
0.0009350000000000021 2.6131909952916215e-16
0.0009400000000000021 2.6131910008108237e-16
0.0009450000000000022 2.613191004364942e-16
0.0009500000000000022 2.6131910066536363e-16
0.0009550000000000022 2.6131910081274553e-16
0.0009600000000000022 2.613191009076524e-16
0.0009650000000000022 2.61332443957163e-16
0.0009700000000000022 2.6135850770435895e-16
0.0009750000000000022 2.613964334003783e-16
0.0009800000000000021 2.6144661621639207e-16
0.0009850000000000021 2.6147692128493493e-16
0.0009900000000000022 2.6140273893693003e-16
0.0009950000000000028 2.6114142431685536e-16
0.0010000000000000035 2.6102210017682733e-16
0.0010050000000000042 2.6093630583268497e-16
0.0010100000000000048 2.6088038755626466e-16
0.0010150000000000055 2.6084570569376596e-16
0.0010200000000000061 2.608247472201108e-16
0.0010295000000000068 2.6080657822961604e-16
0.0010345000000000068 2.6080227000752544e-16
0.0010395000000000068 2.6079948631466703e-16
0.0010445000000000068 2.607976892862499e-16
0.0010495000000000068 2.607965299679225e-16
0.0010545000000000068 2.607957824176486e-16
0.0010595000000000068 2.6079530055461746e-16
0.0010645000000000068 2.607949900321076e-16
0.0010695000000000069 2.607947899635652e-16
0.0010745000000000069 2.607946610784322e-16
0.0010795000000000069 2.6079457805869536e-16
0.001084500000000007 2.607945245867024e-16
0.001089500000000007 2.6079449014800867e-16
0.001094500000000007 2.607944679686618e-16
0.001099500000000007 2.6079445368507264e-16
0.001104500000000007 2.607944444865933e-16
0.001109500000000007 2.6079443856296915e-16
0.001114500000000007 2.6079443474833003e-16
0.001119500000000007 2.607944322918371e-16
0.001124500000000007 2.607944307099534e-16
0.001129500000000007 2.607944296912881e-16
0.001134500000000007 2.607944290353139e-16
0.001139500000000007 2.607944286128973e-16
0.001144500000000007 2.607944283408819e-16
0.001149500000000007 2.6079442816571793e-16
0.001154500000000007 2.607944280529201e-16
0.001159500000000007 2.607944279802834e-16
0.0011645000000000071 2.607944279333478e-16
0.0011695000000000071 2.607819202123791e-16
0.0011745000000000071 2.6073985859902573e-16
0.0011795000000000071 2.6069573884530796e-16
0.0011845000000000072 2.607131594467118e-16
0.0011895000000000072 2.608630110077107e-16
0.0011945000000000072 2.610058809653585e-16
0.0011995000000000072 2.6110629282775173e-16
0.0012045000000000072 2.6117691061999596e-16
0.0012095000000000072 2.6122547091772004e-16
0.0012145000000000072 2.612580133396153e-16
0.0012195000000000073 2.612794622858595e-16
0.0012245000000000073 2.6129346190305763e-16
0.0012295000000000073 2.613025478219697e-16
0.0012345000000000073 2.6130842542010614e-16
0.0012395000000000073 2.6131222037213305e-16
0.0012445000000000073 2.613146679309585e-16
0.0012495000000000073 2.6131624547173794e-16
0.0012545000000000073 2.613172618727292e-16
0.0012595000000000074 2.613179165909516e-16
0.0012645000000000074 2.6131833827601985e-16
0.0012695000000000074 2.613186098508776e-16
0.0012745000000000074 2.613187847436808e-16
0.0012795000000000074 2.6131889737086793e-16
0.0012845000000000074 2.6131896989926134e-16
0.0012895000000000074 2.6131901660487603e-16
0.0012945000000000075 2.613190466814209e-16
0.0012995000000000075 2.613190660494513e-16
0.0013045000000000075 2.6131907852162654e-16
0.0013095000000000075 2.613190865531629e-16
0.0013145000000000075 2.613190917251176e-16
0.0013195000000000075 2.6131909505562563e-16
0.0013245000000000075 2.6131909720032514e-16
0.0013295000000000075 2.613190985814158e-16
0.0013345000000000076 2.6131909947077673e-16
0.0013395000000000076 2.6131910004348447e-16
0.0013445000000000076 2.61319100412283e-16
0.0013495000000000076 2.613191006497728e-16
0.0013545000000000076 2.613191008027064e-16
0.0013595000000000076 2.613191009011886e-16
0.0013645000000000076 2.613310225550872e-16
0.0013695000000000076 2.613557091442035e-16
0.0013745000000000077 2.613923333880409e-16
0.0013795000000000077 2.614411521920394e-16
0.0013845000000000077 2.614858612692218e-16
0.0013895000000000077 2.614189157776298e-16
0.0013945000000000077 2.612976709040748e-16
0.0013995000000000077 2.6116793077710016e-16
0.0014045000000000077 2.6105818198393487e-16
0.0014095000000000078 2.6097512447200928e-16
0.0014145000000000078 2.6091587109351076e-16
0.0014195000000000078 2.6087502323722317e-16
0.0014245000000000078 2.6084745677131173e-16
0.0014295000000000078 2.608291104624277e-16
0.0014345000000000078 2.608170151484606e-16
0.0014395000000000078 2.6080909317282845e-16
0.0014445000000000078 2.6080392865074123e-16
0.0014495000000000079 2.6080057298206423e-16
0.0014545000000000079 2.6079839787008094e-16
0.0014595000000000079 2.607969904509531e-16
0.001464500000000008 2.607960809357023e-16
0.001469500000000008 2.607954937303384e-16
0.001474500000000008 2.6079511487637e-16
0.001479500000000008 2.6079487057011087e-16
0.001484500000000008 2.607947130861854e-16
0.001489500000000008 2.6079461159711265e-16
0.001494500000000008 2.607945462065598e-16
0.001499500000000008 2.607945040809325e-16
0.001504500000000008 2.6079447694590067e-16
0.001509500000000008 2.6079445946839815e-16
0.001514500000000008 2.6079444821191707e-16
0.001519500000000008 2.607944409624371e-16
0.001524500000000008 2.6079443629372536e-16
0.001529500000000008 2.6079443328711726e-16
0.001534500000000008 2.6079443135091955e-16
0.001539500000000008 2.6079443010406587e-16
0.001544500000000008 2.607944293011346e-16
0.0015495000000000081 2.6079442878407695e-16
0.0015545000000000081 2.6079442845111425e-16
0.0015595000000000081 2.60794428236703e-16
0.0015645000000000082 2.60794428098469e-16
0.0015695000000000082 2.6078192031870865e-16
0.0015745000000000082 2.6073985866749693e-16
0.0015795000000000082 2.6069573888940045e-16
0.0015845000000000082 2.6071315947510563e-16
0.0015895000000000082 2.6086301102599566e-16
0.0015945000000000082 2.610058809771335e-16
0.0015995000000000083 2.611062928353345e-16
0.0016045000000000083 2.6117691062487925e-16
0.0016095000000000083 2.6122547092086384e-16
0.0016145000000000083 2.6125801334163964e-16
0.0016195000000000083 2.612794622871624e-16
0.0016245000000000083 2.612934619038973e-16
0.0016295000000000083 2.613025478225086e-16
0.0016345000000000083 2.613084254204526e-16
0.0016395000000000084 2.613122203723577e-16
0.0016445000000000084 2.613146679311034e-16
0.0016495000000000084 2.613162454718335e-16
0.0016545000000000084 2.613172618727899e-16
0.0016595000000000084 2.6131791659099193e-16
0.0016645000000000084 2.613183382760461e-16
0.0016695000000000084 2.6131860985089526e-16
0.0016745000000000084 2.6131878474369214e-16
0.0016795000000000085 2.6131889737087424e-16
0.0016845000000000085 2.61318969899265e-16
0.0016895000000000085 2.613190166048783e-16
0.0016945000000000085 2.6131904668142043e-16
0.0016995000000000085 2.613190660494513e-16
0.0017045000000000085 2.6131907852162747e-16
0.0017095000000000085 2.613190865531629e-16
0.0017145000000000086 2.613190917251176e-16
0.0017195000000000086 2.6131909505562607e-16
0.0017245000000000086 2.613190972003256e-16
0.0017295000000000086 2.613190985814158e-16
0.0017345000000000086 2.6131909947077673e-16
0.0017395000000000086 2.6131910004348535e-16
0.0017445000000000086 2.6131910041228345e-16
0.0017495000000000086 2.613191006497728e-16
0.0017545000000000087 2.6131910080270595e-16
0.0017595000000000087 2.6131910090118774e-16
0.0017645000000000087 2.6133102255508627e-16
0.0017695000000000087 2.613557091442035e-16
0.0017745000000000087 2.6139233338804046e-16
0.0017795000000000087 2.614411521920394e-16
0.0017845000000000087 2.6148586126922004e-16
0.0017895000000000087 2.614189157776271e-16
0.0017945000000000088 2.6129767090407163e-16
0.0017995000000000088 2.6116793039242274e-16
0.0018045000000000088 2.6105818142229746e-16
0.0018095000000000088 2.609751239286953e-16
0.0018145000000000088 2.609158706501599e-16
0.0018195000000000088 2.608750229058165e-16
0.0018245000000000088 2.608474565357928e-16
0.0018295000000000089 2.60829110300204e-16
0.0018345000000000089 2.6081701503897e-16
0.0018395000000000089 2.608090930999327e-16
0.001844500000000009 2.608039286026649e-16
0.001849500000000009 2.608005729505664e-16
0.001854500000000009 2.6079839784954117e-16
0.001859500000000009 2.607969904376044e-16
0.001864500000000009 2.6079608092704807e-16
0.001869500000000009 2.6079549372473736e-16
0.001874500000000009 2.6079511487274846e-16
0.001879500000000009 2.6079487056777135e-16
0.001884500000000009 2.6079471308467465e-16
0.001889500000000009 2.6079461159613945e-16
0.001894500000000009 2.6079454620593395e-16
0.001899500000000009 2.6079450408052944e-16
0.001904500000000009 2.6079447694563936e-16
0.001909500000000009 2.607944594682297e-16
0.001914500000000009 2.607944482118093e-16
0.001919500000000009 2.6079444096236823e-16
0.001924500000000009 2.6079443629368143e-16
0.0019295000000000091 2.6079443328708876e-16
0.0019345000000000091 2.6079443135090185e-16
0.0019395000000000091 2.607944301040541e-16
0.0019445000000000092 2.6079442930112646e-16
0.0019495000000000092 2.607944287840724e-16
0.001954500000000009 2.60794428451112e-16
0.001959500000000009 2.607944282367012e-16
0.0019645000000000088 2.607944280984672e-16
0.0019695000000000086 2.607819203187082e-16
0.0019745000000000084 2.6073985866749604e-16
0.001979500000000008 2.606957388894009e-16
0.001984500000000008 2.607131594751052e-16
0.0019895000000000078 2.608630110259961e-16
0.0019945000000000076 2.610058809771335e-16
0.0019995000000000073 2.611062928353345e-16
0.002004500000000007 2.6117691062487925e-16
0.002009500000000007 2.612254709208648e-16
0.0020145000000000067 2.6125801334163964e-16
0.0020195000000000065 2.612794622871624e-16
0.0020245000000000063 2.612934619038964e-16
0.002029500000000006 2.613025478225086e-16
0.002034500000000006 2.6130842542045304e-16
0.0020395000000000057 2.613122203723581e-16
0.0020445000000000055 2.613146679311043e-16
0.0020495000000000053 2.6131624547183167e-16
0.002054500000000005 2.613172618727885e-16
0.002059500000000005 2.613179165909915e-16
0.0020645000000000047 2.61318338276047e-16
0.0020695000000000045 2.613186098508971e-16
0.0020745000000000043 2.613187847436926e-16
0.002079500000000004 2.613188973708756e-16
0.002084500000000004 2.613189698992668e-16
0.0020895000000000037 2.6131901660488057e-16
0.0020945000000000035 2.6131904668142177e-16
0.0020995000000000033 2.613190660494518e-16
0.002104500000000003 2.6131907852162836e-16
0.002109500000000003 2.6131908655316427e-16
0.0021145000000000027 2.6131909172511893e-16
0.0021195000000000025 2.61319095055627e-16
0.0021245000000000023 2.613190972003256e-16
0.002129500000000002 2.613190985814162e-16
0.002134500000000002 2.6131909947077673e-16
0.0021395000000000016 2.613191000434863e-16
0.0021445000000000014 2.6131910041228527e-16
0.0021495000000000012 2.6131910064977505e-16
0.002154500000000001 2.613191008027073e-16
0.002159500000000001 2.6131910090118956e-16
0.0021645000000000006 2.6133102255508854e-16
0.0021695000000000004 2.6135570914420307e-16
0.0021745000000000002 2.613923333880391e-16
0.0021795 2.614411521920385e-16
0.0021845 2.6148586126922093e-16
0.0021894999999999996 2.6141891577762665e-16
0.0021944999999999994 2.6129767090407163e-16
0.002199499999999999 2.61167930777347e-16
0.002204499999999999 2.6105818214997357e-16
0.002209499999999999 2.6097512471889917e-16
0.0022144999999999986 2.60915871335214e-16
0.0022194999999999984 2.6087502343602135e-16
0.002224499999999998 2.6084745692070483e-16
0.002229499999999998 2.608291105689782e-16
0.0022344999999999978 2.6081701522203196e-16
0.0022394999999999976 2.6080909322257047e-16
0.0022444999999999974 2.6080392868389745e-16
0.002249499999999997 2.608005730039513e-16
0.002254499999999997 2.6079839788442914e-16
0.0022594999999999968 2.6079699046031204e-16
0.0022644999999999966 2.607960809417857e-16
0.0022694999999999963 2.607954937342829e-16
0.002274499999999996 2.6079511487892194e-16
0.002279499999999996 2.607948705717593e-16
0.0022844999999999957 2.607947130872497e-16
0.0022894999999999955 2.6079461159779877e-16
0.0022944999999999953 2.6079454620700226e-16
0.002299499999999995 2.6079450408121826e-16
0.002304499999999995 2.6079447694608364e-16
0.0023094999999999947 2.6079445946851545e-16
0.0023144999999999945 2.6079444821199315e-16
0.0023194999999999943 2.6079444096248553e-16
0.002324499999999994 2.607944362937566e-16
0.002329499999999994 2.6079443328713674e-16
0.0023344999999999937 2.6079443135093355e-16
0.0023394999999999935 2.607944301040754e-16
0.0023444999999999933 2.607944293011414e-16
0.002349499999999993 2.607944287840824e-16
0.002354499999999993 2.607944284511183e-16
0.0023594999999999927 2.6079442823670437e-16
0.0023644999999999925 2.6079442809846946e-16
0.0023694999999999923 2.6078192031871003e-16
0.002374499999999992 2.6073985866749738e-16
0.002379499999999992 2.6069573888940045e-16
0.0023844999999999917 2.6071315947510475e-16
0.0023894999999999915 2.6086301102599433e-16
0.0023944999999999913 2.610058809771321e-16
0.002399499999999991 2.6110629283533407e-16
0.002404499999999991 2.611769106248797e-16
0.0024094999999999906 2.612254709208648e-16
0.0024144999999999904 2.612580133416405e-16
0.0024194999999999902 2.612794622871624e-16
0.00242449999999999 2.612934619038973e-16
0.00242949999999999 2.613025478225086e-16
0.0024344999999999896 2.613084254204535e-16
0.0024394999999999894 2.613122203723581e-16
0.002444499999999989 2.6131466793110385e-16
0.002449499999999989 2.613162454718326e-16
0.002454499999999989 2.6131726187278895e-16
0.0024594999999999886 2.613179165909928e-16
0.0024644999999999884 2.613183382760488e-16
0.002469499999999988 2.6131860985089753e-16
0.002474499999999988 2.613187847436939e-16
0.002479499999999988 2.6131889737087607e-16
0.0024844999999999876 2.613189698992668e-16
0.0024894999999999874 2.6131901660488013e-16
0.002494499999999987 2.613190466814236e-16
0.002499499999999987 2.6131906604945356e-16
0.0025044999999999868 2.6131907852162836e-16
0.0025094999999999866 2.6131908655316427e-16
0.0025144999999999864 2.613190917251185e-16
0.002519499999999986 2.6131909505562745e-16
0.002524499999999986 2.6131909720032603e-16
0.0025294999999999858 2.613190985814171e-16
0.0025344999999999855 2.6131909947077717e-16
0.0025394999999999853 2.6131910004348535e-16
0.002544499999999985 2.613191004122844e-16
0.002549499999999985 2.613191006497741e-16
0.0025544999999999847 2.613191008027064e-16
0.0025594999999999845 2.613191009011886e-16
0.0025644999999999843 2.613310225550858e-16
0.002569499999999984 2.6135570914420307e-16
0.002574499999999984 2.6139233338803957e-16
0.0025794999999999837 2.6144115219203802e-16
0.0025844999999999835 2.6148586126922004e-16
0.0025894999999999833 2.61418915777628e-16
0.002594499999999983 2.612976709040734e-16
0.002599499999999983 2.6116793077757565e-16
0.0026044999999999827 2.61058182150301e-16
0.0026094999999999825 2.609751247872155e-16
0.0026144999999999823 2.609158714680467e-16
0.002619499999999982 2.608750235967909e-16
0.002624499999999982 2.608474570770988e-16
0.0026294999999999817 2.608291107032655e-16
0.0026344999999999815 2.6081701532855215e-16
0.0026394999999999813 2.6080909330264685e-16
0.002644499999999981 2.6080392874185353e-16
0.002649499999999981 2.6080057304475324e-16
0.0026544999999999807 2.6079839791256894e-16
0.0026594999999999805 2.6079699047942077e-16
0.0026644999999999803 2.607960809546086e-16
0.00266949999999998 2.6079549374280997e-16
0.00267449999999998 2.607951148845515e-16
0.0026794999999999796 2.607948705754556e-16
0.0026844999999999794 2.607947130896657e-16
0.0026894999999999792 2.6079461159937294e-16
0.002694499999999979 2.6079454620802665e-16
0.002699499999999979 2.6079450408188307e-16
0.0027044999999999786 2.607944769465148e-16
0.0027094999999999784 2.607944594687944e-16
0.002714499999999978 2.6079444821217384e-16
0.002719499999999978 2.607944409626028e-16
0.002724499999999978 2.607944362938327e-16
0.0027294999999999776 2.6079443328718476e-16
0.0027344999999999774 2.607944313509648e-16
0.002739499999999977 2.6079443010409487e-16
0.002744499999999977 2.6079442930115363e-16
0.002749499999999977 2.607944287840896e-16
0.0027544999999999766 2.6079442845112327e-16
0.0027594999999999764 2.6079442823670935e-16
0.002764499999999976 2.607944280984726e-16
0.002769499999999976 2.607819203224113e-16
0.0027744999999999758 2.607398587415973e-16
0.0027794999999999756 2.606957392790173e-16
0.0027844999999999754 2.607132685042581e-16
0.002789499999999975 2.6087115114246226e-16
0.002794499999999975 2.610733908198838e-16
0.0027994999999999748 2.6131053502912273e-16
0.0028044999999999745 2.614873231793463e-16
0.0028094999999999743 2.6160804819289497e-16
0.002814499999999974 2.6168787384597637e-16
0.002819499999999974 2.6173994525105207e-16
0.0028244999999999737 2.617737009703088e-16
0.0028294999999999735 2.617955162597035e-16
0.0028344999999999733 2.618095923307073e-16
0.002839499999999973 2.6181866693132864e-16
0.002844499999999973 2.6182451437062395e-16
0.0028494999999999727 2.618282812902464e-16
0.0028544999999999725 2.6183070756332337e-16
0.0028594999999999723 2.61832270186188e-16
0.002864499999999972 2.618332765294867e-16
0.002869499999999972 2.618339246041647e-16
0.0028744999999999717 2.6183434195022643e-16
0.0028794999999999715 2.618346107093038e-16
0.0028844999999999713 2.618347837815235e-16
0.002889499999999971 2.6183489523409015e-16
0.002894499999999971 2.6183496700556856e-16
0.0028994999999999707 2.61835013223787e-16
0.0029044999999999705 2.6183504298661554e-16
0.0029094999999999703 2.618350621527706e-16
0.00291449999999997 2.6183507449506086e-16
0.00291949999999997 2.618350824430337e-16
0.0029244999999999697 2.618350875612313e-16
0.0029294999999999695 2.618350908571589e-16
0.0029344999999999693 2.6183509297961217e-16
0.002939499999999969 2.618350943463918e-16
0.002944499999999969 2.6183509522654776e-16
0.0029494999999999686 2.6183509579333427e-16
0.0029544999999999684 2.6183509615832374e-16
0.0029594999999999682 2.618350963933635e-16
0.002964499999999968 2.618797594557087e-16
0.002969499999999968 2.641651041703842e-16
0.0029744999999999676 3.502499422377736e-16
0.0029794999999999674 6.223484102840023e-15
0.002984499999999967 0.0014759550586761181
0.002989499999999967 0.16661811657115985
0.002994499999999967 0.7667456865323489
0.0029994999999999666 1.4077216953488654
0.0030044999999999664 1.7636067915505809
0.003009499999999966 1.9240624112313187
0.003014499999999966 1.9781967103233733
0.003019499999999966 1.993991304192155
0.0030244999999999656 1.9982358489937377
0.0030294999999999654 1.999324353782922
0.003034499999999965 1.9995980890084046
0.003039499999999965 1.9996678233431113
0.0030444999999999648 1.9996868218604487
0.0030494999999999646 1.9996928510841632
0.0030544999999999644 1.999695259484954
0.003059499999999964 1.9996964609406476
0.003064499999999964 1.9996971514560236
0.0030694999999999638 1.9996975760772806
0.0030744999999999635 1.9996978445645286
0.0030794999999999633 1.999698016181214
0.003084499999999963 1.9996981263418634
0.003089499999999963 1.9996981971733483
0.0030944999999999627 1.99969824274946
0.0030994999999999625 1.9996982720848517
0.0031044999999999623 1.9996982909699754
0.003109499999999962 1.9996983031287283
0.003114499999999962 1.9996983109573148
0.0031194999999999617 1.9996983159980486
0.0031244999999999615 1.999698319243798
0.0031294999999999613 1.9996983213337853
0.003134499999999961 1.999698322679575
0.003139499999999961 1.9996983235461667
0.0031444999999999607 1.9996983241041923
0.0031494999999999605 1.9996983244635242
0.0031544999999999603 1.9996983246949112
0.00315949999999996 1.9996983248439093
0.00316449999999996 1.9996983249398557
0.0031694999999999597 1.9996981021475675
0.0031744999999999595 1.9996936419692661
0.0031794999999999593 1.9996774372750592
0.003184499999999959 1.9996154275104796
0.003189499999999959 1.999482809031955
0.0031944999999999587 1.9994290802326307
0.0031994999999999585 1.9994088605977627
0.0032044999999999582 1.9994012514665642
0.003209499999999958 1.9993983879930701
0.003214499999999958 1.999397310415564
0.0032194999999999576 1.9993969049054934
0.0032244999999999574 1.9993967523062548
0.0032294999999999572 1.9993966948813333
0.003234499999999957 1.999396673271837
0.003239499999999957 1.9993966651401118
0.0032444999999999566 1.9993966620801893
0.0032494999999999564 1.9993966609288047
0.003254499999999956 1.9993966604955933
0.003259499999999956 1.9993966603326156
0.003264499999999956 1.9993966602713145
0.0032694999999999556 1.9993966602482653
0.0032744999999999554 1.9993966602396036
0.003279499999999955 1.9993966602363524
0.003284499999999955 1.9993966602351338
0.003289499999999955 1.9993966602346784
0.0032944999999999546 1.9993966602345095
0.0032994999999999544 1.9993966602344477
0.003304499999999954 1.999396660234425
0.003309499999999954 1.9993966602344173
0.0033144999999999538 1.9993966602344144
0.0033194999999999536 1.9993966602344135
0.0033244999999999534 1.999396660234413
0.003329499999999953 1.9993966602344129
0.003334499999999953 1.9993966602344135
0.0033394999999999527 1.9993966602344133
0.0033444999999999525 1.9993966602344133
0.0033494999999999523 1.9993966602344133
0.003354499999999952 1.9993966602344138
0.003359499999999952 1.9993966602344138
0.0033644999999999517 1.9993966602346722
0.0033694999999999515 1.9993966602531883
0.0033744999999999513 1.9993966605639515
0.003379499999999951 1.999396661632866
0.003384499999999951 1.9994112540803175
0.0033894999999999507 1.9995212110867493
0.0033944999999999505 1.9996085182765064
0.0033994999999999503 1.9996562153649742
0.00340449999999995 1.9996789212111783
0.00340949999999995 1.9996893520786883
0.0034144999999999497 1.9996941425223236
0.0034194999999999495 1.9996963619437331
0.0034244999999999493 1.9996973992210731
0.003429499999999949 1.999697887114295
0.003434499999999949 1.9996981175455601
0.0034394999999999487 1.99969822664712
0.0034444999999999485 1.9996982783765411
0.0034494999999999483 1.9996983029230173
0.003454499999999948 1.9996983145757965
0.003459499999999948 1.9996983201089367
0.0034644999999999477 1.9996983227365899
0.0034694999999999475 1.999698323984529
0.0034744999999999472 1.9996983245772262
0.003479499999999947 1.9996983248587281
0.003484499999999947 1.999698324992429
0.0034894999999999466 1.9996983250559306
0.0034944999999999464 1.9996983250860916
0.0034994999999999462 1.9996983251004163
0.003504499999999946 1.9996983251072202
0.003509499999999946 1.999698325110452
0.0035144999999999456 1.9996983251119866
0.0035194999999999454 1.9996983251127156
0.003524499999999945 1.999698325113062
0.003529499999999945 1.9996983251132263
0.003534499999999945 1.9996983251133043
0.0035394999999999446 1.9996983251133418
0.0035444999999999444 1.9996983251133595
0.003549499999999944 1.999698325113368
0.003554499999999944 1.9996983251133713
0.003559499999999944 1.999698325113373
0.0035644999999999436 1.9996983251133744
0.0035694999999999434 1.9996981022594384
0.003574499999999943 1.9996936420383666
0.003579499999999943 1.9996774373249697
0.0035844999999999428 1.9996154275542453
0.0035894999999999426 1.9994828090813421
0.0035944999999999424 1.999429080274027
0.003599499999999942 1.9994088606295668
0.003604499999999942 1.9994012514891157
0.0036094999999999417 1.9993983880084043
0.0036144999999999415 1.9993973104257523
0.0036194999999999413 1.999396904912174
0.003624499999999941 1.999396752310602
0.003629499999999941 1.9993966948841524
0.0036344999999999407 1.9993966732736583
0.0036394999999999405 1.9993966651412864
0.0036444999999999403 1.9993966620809471
0.00364949999999994 1.9993966609292932
0.00365449999999994 1.9993966604959077
0.0036594999999999397 1.9993966603328177
0.0036644999999999395 1.9993966602714448
0.0036694999999999393 1.999396660248349
0.003674499999999939 1.9993966602396578
0.003679499999999939 1.999396660236387
0.0036844999999999387 1.9993966602351567
0.0036894999999999385 1.9993966602346933
0.0036944999999999383 1.9993966602345192
0.003699499999999938 1.9993966602344533
0.003704499999999938 1.9993966602344286
0.0037094999999999377 1.9993966602344195
0.0037144999999999375 1.9993966602344162
0.0037194999999999373 1.9993966602344144
0.003724499999999937 1.999396660234414
0.003729499999999937 1.999396660234414
0.0037344999999999367 1.999396660234414
0.0037394999999999365 1.999396660234414
0.0037444999999999362 1.999396660234414
0.003749499999999936 1.9993966602344138
0.003754499999999936 1.9993966602344133
0.0037594999999999356 1.9993966602344133
0.0037644999999999354 1.9993966602346718
0.0037694999999999352 1.999396660253188
0.003774499999999935 1.9993966605639515
0.003779499999999935 1.9993966616328658
0.0037844999999999346 1.999411254080317
0.0037894999999999344 1.999521211086749
0.003794499999999934 1.9996085182765058
0.003799499999999934 1.9996562153649737
0.003804499999999934 1.9996789212111783
0.0038094999999999336 1.9996893520786887
0.0038144999999999334 1.999694142522324
0.003819499999999933 1.9996963619437331
0.003824499999999933 1.9996973992210736
0.003829499999999933 1.999697887114295
0.0038344999999999326 1.9996981175455608
0.0038394999999999324 1.9996982266471193
0.003844499999999932 1.9996982783765411
0.003849499999999932 1.9996983029230173
0.0038544999999999318 1.9996983145757972
0.0038594999999999316 1.9996983201089367
0.0038644999999999314 1.9996983227365903
0.003869499999999931 1.9996983239845283
0.003874499999999931 1.9996983245772264
0.0038794999999999307 1.999698324858728
0.0038844999999999305 1.999698324992429
0.0038894999999999303 1.9996983250559306
0.00389449999999993 1.9996983250860916
0.00389949999999993 1.999698325100417
0.0039044999999999297 1.9996983251072198
0.0039094999999999295 1.9996983251104516
0.003914499999999929 1.9996983251119869
0.003919499999999929 1.9996983251127156
0.003924499999999929 1.999698325113062
0.003929499999999929 1.9996983251132268
0.0039344999999999285 1.9996983251133043
0.003939499999999928 1.9996983251133418
0.003944499999999928 1.9996983251133593
0.003949499999999928 1.9996983251133673
0.003954499999999928 1.9996983251133709
0.0039594999999999275 1.9996983251133729
0.003964499999999927 1.9996983251133735
0.003969499999999927 1.9996981022594378
0.003974499999999927 1.9996936420430798
0.003979499999999927 1.9996774373270705
0.0039844999999999265 1.9996154275561504
0.003989499999999926 1.9994828090830024
0.003994499999999926 1.999429080276175
0.003999499999999926 1.9994088606303746
0.004004499999999926 1.9994012514894193
0.0040094999999999255 1.9993983880085187
0.004014499999999925 1.9993973104257952
0.004019499999999925 1.99939690491219
0.004024499999999925 1.9993967523106064
0.004029499999999925 1.999396694884154
0.004034499999999924 1.9993966732736588
0.004039499999999924 1.9993966651412869
0.004044499999999924 1.9993966620809471
0.004049499999999924 1.9993966609292932
0.004054499999999924 1.999396660495908
0.004059499999999923 1.9993966603328182
0.004064499999999923 1.999396660271445
0.004069499999999923 1.999396660248349
0.004074499999999923 1.9993966602396578
0.004079499999999923 1.9993966602363868
0.004084499999999922 1.9993966602351558
0.004089499999999922 1.9993966602346933
0.004094499999999922 1.9993966602345188
0.004099499999999922 1.9993966602344533
0.004104499999999922 1.9993966602344286
0.004109499999999921 1.9993966602344193
0.004114499999999921 1.9993966602344155
0.004119499999999921 1.9993966602344144
0.004124499999999921 1.9993966602344142
0.0041294999999999206 1.9993966602344142
0.00413449999999992 1.999396660234414
0.00413949999999992 1.999396660234414
0.00414449999999992 1.9993966602344138
0.00414949999999992 1.999396660234414
0.0041544999999999195 1.9993966602344138
0.004159499999999919 1.999396660234414
0.004164499999999919 1.999396660234672
0.004169499999999919 1.999396660253188
0.004174499999999919 1.999396660563951
0.0041794999999999185 1.9993966616328656
0.004184499999999918 1.9994112540803164
0.004189499999999918 1.9995212110867489
0.004194499999999918 1.9996085182765058
0.004199499999999918 1.9996562153649737
0.0042044999999999175 1.9996789212111785
0.004209499999999917 1.9996893520786887
0.004214499999999917 1.999694142522324
0.004219499999999917 1.9996963619437336
0.004224499999999917 1.9996973992210743
0.0042294999999999165 1.9996978871142952
0.004234499999999916 1.9996981175455604
0.004239499999999916 1.9996982266471193
0.004244499999999916 1.9996982783765411
0.004249499999999916 1.9996983029230173
0.0042544999999999155 1.9996983145757965
0.004259499999999915 1.9996983201089362
0.004264499999999915 1.9996983227365899
0.004269499999999915 1.9996983239845287
0.004274499999999915 1.9996983245772264
0.0042794999999999144 1.999698324858728
0.004284499999999914 1.9996983249924285
0.004289499999999914 1.9996983250559306
0.004294499999999914 1.9996983250860916
0.004299499999999914 1.9996983251004163
0.004304499999999913 1.9996983251072198
0.004309499999999913 1.999698325110452
0.004314499999999913 1.9996983251119866
0.004319499999999913 1.9996983251127152
0.004324499999999913 1.9996983251130616
0.004329499999999912 1.9996983251132268
0.004334499999999912 1.9996983251133043
0.004339499999999912 1.9996983251133416
0.004344499999999912 1.9996983251133593
0.004349499999999912 1.9996983251133675
0.004354499999999911 1.9996983251133713
0.004359499999999911 1.999698325113373
0.004364499999999911 1.9996983251133749
0.004369499999999911 1.9996981022594384
0.004374499999999911 1.9996936420430804
0.00437949999999991 1.999677437327071
0.00438449999999991 1.999615427556151
0.00438949999999991 1.9994828090830024
0.00439449999999991 1.9994290802746513
0.0043994999999999096 1.999408860629801
0.004404499999999909 1.9994012514892037
0.004409499999999909 1.9993983880084372
0.004414499999999909 1.9993973104257645
0.004419499999999909 1.9993969049121785
0.0044244999999999085 1.9993967523106022
0.004429499999999908 1.9993966948841524
0.004434499999999908 1.9993966732736583
0.004439499999999908 1.9993966651412867
0.004444499999999908 1.9993966620809471
0.0044494999999999075 1.9993966609292935
0.004454499999999907 1.999396660495908
0.004459499999999907 1.9993966603328184
0.004464499999999907 1.9993966602714446
0.004469499999999907 1.999396660248349
0.0044744999999999065 1.9993966602396576
0.004479499999999906 1.9993966602363868
0.004484499999999906 1.9993966602351565
0.004489499999999906 1.9993966602346933
0.004494499999999906 1.9993966602345188
0.0044994999999999055 1.9993966602344533
0.004504499999999905 1.9993966602344286
0.004509499999999905 1.9993966602344193
0.004514499999999905 1.999396660234416
0.004519499999999905 1.9993966602344144
0.0045244999999999045 1.9993966602344142
0.004529499999999904 1.999396660234414
0.004534499999999904 1.9993966602344133
0.004539499999999904 1.9993966602344138
0.004544499999999904 1.9993966602344138
0.0045494999999999034 1.999396660234414
0.004554499999999903 1.999396660234414
0.004559499999999903 1.999396660234414
0.004564499999999903 1.999396660234672
0.004569499999999903 1.9993966602531883
0.004574499999999902 1.9993966605639515
0.004579499999999902 1.9993966616328658
0.004584499999999902 1.9994112540803164
0.004589499999999902 1.9995212110867484
0.004594499999999902 1.9996085182765049
0.004599499999999901 1.999656215241014
0.004604499999999901 1.9996789209627517
0.004609499999999901 1.999689351839499
0.004614499999999901 1.9996941423538366
0.004619499999999901 1.999696361845121
0.0046244999999999 1.9996973991687343
0.0046294999999999 1.9996978870879119
0.0046344999999999 1.9996981175326225
0.0046394999999999 1.9996982266408678
0.0046444999999999 1.9996982783735444
0.004649499999999899 1.9996983029215873
0.004654499999999899 1.9996983145751157
0.004659499999999899 1.9996983201086134
0.004664499999999899 1.9996983227364367
0.0046694999999998986 1.999698323984456
0.004674499999999898 1.999698324577192
0.004679499999999898 1.9996983248587115
0.004684499999999898 1.9996983249924207
0.004689499999999898 1.9996983250559264
0.0046944999999998975 1.9996983250860891
0.004699499999999897 1.9996983251004161
0.004704499999999897 1.9996983251072202
0.004709499999999897 1.9996983251104516
0.004714499999999897 1.9996983251119862
0.0047194999999998965 1.9996983251127152
0.004724499999999896 1.999698325113061
0.004729499999999896 1.9996983251132263
0.004734499999999896 1.9996983251133045
0.004739499999999896 1.9996983251133418
0.0047444999999998955 1.9996983251133593
0.004749499999999895 1.9996983251133675
0.004754499999999895 1.9996983251133715
0.004759499999999895 1.999698325113373
0.004764499999999895 1.9996983251133733
0.0047694999999998945 1.9996981022594387
0.004774499999999894 1.9996936420430795
0.004779499999999894 1.9996774373270707
0.004784499999999894 1.9996154275561515
0.004789499999999894 1.999482809083003
0.0047944999999998935 1.9994290802761756
0.004799499999999893 1.9994088606303748
0.004804499999999893 1.9994012514894197
0.004809499999999893 1.9993983880085189
0.004814499999999893 1.9993973104257952
0.0048194999999998924 1.9993969049121902
0.004824499999999892 1.999396752310607
0.004829499999999892 1.9993966948841517
0.004834499999999892 1.9993966732736577
0.004839499999999892 1.9993966651412864
0.004844499999999891 1.9993966620809471
0.004849499999999891 1.9993966609292932
0.004854499999999891 1.999396660495908
0.004859499999999891 1.9993966603328177
0.004864499999999891 1.9993966602714446
0.00486949999999989 1.9993966602483495
0.00487449999999989 1.999396660239658
0.00487949999999989 1.9993966602363873
0.00488449999999989 1.9993966602351567
0.00488949999999989 1.9993966602346933
0.004894499999999889 1.999396660234519
0.004899499999999889 1.9993966602344533
0.004904499999999889 1.9993966602344286
0.004909499999999889 1.9993966602344193
0.004914499999999889 1.9993966602344158
0.004919499999999888 1.9993966602344146
0.004924499999999888 1.999396660234414
0.004929499999999888 1.999396660234414
0.004934499999999888 1.9993966602344133
0.0049394999999998876 1.999396660234414
0.004944499999999887 1.999396660234414
0.004949499999999887 1.9993966602344138
0.004954499999999887 1.999396660234414
0.004959499999999887 1.9993966602344138
0.0049644999999998865 1.9993966602346722
0.004969499999999886 1.999396660253188
0.004974499999999886 1.9993966605639515
0.004979499999999886 1.9993966616328658
0.004984499999999886 1.9994112540803157
0.0049894999999998855 1.9995212110867477
0.004994499999999885 1.9996085182765055
0.004999499999999885 1.9996562153649735
0.005004499999999885 1.9996789212111785
0.005009499999999885 1.999689352078688
0.0050144999999998845 1.9996941425223234
0.005019499999999884 1.9996963619437331
0.005024499999999884 1.999697399221074
0.005029499999999884 1.9996978871142952
0.005034499999999884 1.9996981175455604
0.0050394999999998835 1.9996982266471193
0.005044499999999883 1.9996982783765405
0.005049499999999883 1.9996983029230173
0.005054499999999883 1.9996983145757963
0.005059499999999883 1.9996983201089364
0.0050644999999998825 1.9996983227365903
0.005069499999999882 1.9996983239845287
0.005074499999999882 1.9996983245772257
0.005079499999999882 1.999698324858728
0.005084499999999882 1.9996983249924285
0.0050894999999998814 1.9996983250559308
0.005094499999999881 1.9996983250860916
0.005099499999999881 1.9996983251004163
0.005104499999999881 1.9996983251072198
0.005109499999999881 1.9996983251104516
0.00511449999999988 1.9996983251119866
0.00511949999999988 1.9996983251127156
0.00512449999999988 1.9996983251130616
0.00512949999999988 1.9996983251132268
0.00513449999999988 1.9996983251133043
0.005139499999999879 1.9996983251133418
0.005144499999999879 1.9996983251133593
0.005149499999999879 1.999698325113368
0.005154499999999879 1.9996983251133713
0.005159499999999879 1.999698325113373
0.005164499999999878 1.999698325113374
0.005169499999999878 1.9996981022594384
0.005174499999999878 1.9996936420430802
0.005179499999999878 1.9996774373270712
0.005184499999999878 1.9996154275561517
0.005189499999999877 1.9994828090830037
0.005194499999999877 1.9994290802746522
0.005199499999999877 1.9994088606298013
0.005204499999999877 1.9994012514892034
0.0052094999999998766 1.9993983880084372
0.005214499999999876 1.9993973104257645
0.005219499999999876 1.9993969049121787
0.005224499999999876 1.9993967523106042
0.005229499999999876 1.9993966948841506
0.0052344999999998755 1.9993966732736577
0.005239499999999875 1.9993966651412864
0.005244499999999875 1.9993966620809467
0.005249499999999875 1.999396660929293
0.005254499999999875 1.9993966604959077
0.0052594999999998745 1.9993966603328182
0.005264499999999874 1.9993966602714448
0.005269499999999874 1.9993966602483493
0.005274499999999874 1.999396660239658
0.005279499999999874 1.9993966602363873
0.0052844999999998735 1.9993966602351565
0.005289499999999873 1.9993966602346929
0.005294499999999873 1.999396660234519
0.005299499999999873 1.9993966602344535
0.005304499999999873 1.9993966602344284
0.0053094999999998725 1.9993966602344193
0.005314499999999872 1.9993966602344158
0.005319499999999872 1.9993966602344146
0.005324499999999872 1.9993966602344142
0.005329499999999872 1.999396660234414
0.0053344999999998715 1.999396660234414
0.005339499999999871 1.999396660234414
0.005344499999999871 1.9993966602344133
0.005349499999999871 1.9993966602344138
0.005354499999999871 1.999396660234414
0.0053594999999998704 1.999396660234414
0.00536449999999987 1.9993966602346722
0.00536949999999987 1.9993966602531883
0.00537449999999987 1.9993966605639513
0.00537949999999987 1.9993966616328656
0.005384499999999869 1.999411254080315
0.005389499999999869 1.999521211086747
0.005394499999999869 1.9996085182765049
0.005399499999999869 1.999656215254122
0.005404499999999869 1.9996789209730688
0.005409499999999868 1.9996893518453789
0.005414499999999868 1.9996941423482812
0.005419499999999868 1.9996963618337833
0.005424499999999868 1.9996973991596982
0.005429499999999868 1.999697887082436
0.005434499999999867 1.9996981175296773
0.005439499999999867 1.999698226639374
0.005444499999999867 1.99969827837281
0.005449499999999867 1.999698302921232
0.005454499999999867 1.9996983145749447
0.005459499999999866 1.9996983201085314
0.005464499999999866 1.9996983227363976
0.005469499999999866 1.9996983239844368
0.005474499999999866 1.999698324577183
0.0054794999999998656 1.999698324858707
0.005484499999999865 1.999698324992419
0.005489499999999865 1.999698325055926
0.005494499999999865 1.9996983250860891
0.005499499999999865 1.999698325100415
0.0055044999999998645 1.9996983251072198
0.005509499999999864 1.9996983251104516
0.005514499999999864 1.9996983251119869
0.005519499999999864 1.9996983251127163
0.005524499999999864 1.9996983251130613
0.0055294999999998635 1.9996983251132263
0.005534499999999863 1.9996983251133043
0.005539499999999863 1.9996983251133411
0.005544499999999863 1.9996983251133587
0.005549499999999863 1.9996983251133673
0.0055544999999998625 1.9996983251133713
0.005559499999999862 1.999698325113373
0.005564499999999862 1.999698325113374
0.005569499999999862 1.9996981022594387
0.005574499999999862 1.9996936420430802
0.0055794999999998615 1.9996774373270712
0.005584499999999861 1.9996154275561524
0.005589499999999861 1.9994828090830041
0.005594499999999861 1.9994290802761758
0.005599499999999861 1.9994088606303748
0.0056044999999998605 1.99940125148942
0.00560949999999986 1.9993983880085189
0.00561449999999986 1.9993973104257952
0.00561949999999986 1.9993969049121902
0.00562449999999986 1.9993967523106069
0.0056294999999998594 1.9993966948841513
0.005634499999999859 1.999396673273658
0.005639499999999859 1.9993966651412864
0.005644499999999859 1.9993966620809471
0.005649499999999859 1.9993966609292932
0.005654499999999858 1.999396660495908
0.005659499999999858 1.9993966603328182
0.005664499999999858 1.999396660271445
0.005669499999999858 1.999396660248349
0.005674499999999858 1.9993966602396578
0.005679499999999857 1.9993966602363873
0.005684499999999857 1.999396660235156
0.005689499999999857 1.9993966602346933
0.005694499999999857 1.999396660234519
0.005699499999999857 1.9993966602344533
0.005704499999999856 1.9993966602344286
0.005709499999999856 1.9993966602344195
0.005714499999999856 1.999396660234416
0.005719499999999856 1.9993966602344146
0.005724499999999856 1.9993966602344142
0.005729499999999855 1.999396660234414
0.005734499999999855 1.999396660234414
0.005739499999999855 1.999396660234414
0.005744499999999855 1.999396660234414
0.0057494999999998546 1.999396660234414
0.005754499999999854 1.9993966602344142
0.005759499999999854 1.999396660234414
0.005764499999999854 1.999396660234672
0.005769499999999854 1.9993966602531883
0.0057744999999998535 1.9993966605639515
0.005779499999999853 1.999396661632866
0.005784499999999853 1.9994112540826774
0.005789499999999853 1.999521211088675
0.005794499999999853 1.9996085182775363
0.0057994999999998525 1.9996562152911899
0.005804499999999852 1.9996789210104455
0.005809499999999852 1.9996893518685919
0.005814499999999852 1.999694142360592
0.005819499999999852 1.999696361836094
0.0058244999999998515 1.9996973991550475
0.005829499999999851 1.9996978870758046
0.005834499999999851 1.9996981175238802
0.005839499999999851 1.9996982266352048
0.005844499999999851 1.9996982783701132
0.0058494999999998505 1.999698302919599
0.00585449999999985 1.9996983145739986
0.00585949999999985 1.999698320108001
0.00586449999999985 1.9996983227361063
0.00586949999999985 1.99969832398428
0.0058744999999998495 1.9996983245770996
0.005879499999999849 1.9996983248586642
0.005884499999999849 1.999698324992396
0.005889499999999849 1.9996983250559142
0.005894499999999849 1.999698325086083
0.0058994999999998484 1.9996983251004126
0.005904499999999848 1.999698325107218
0.005909499999999848 1.9996983251104505
0.005914499999999848 1.999698325111986
0.005919499999999848 1.9996983251127152
0.005924499999999847 1.9996983251130618
0.005929499999999847 1.9996983251132259
0.005934499999999847 1.9996983251133043
0.005939499999999847 1.9996983251133411
0.005944499999999847 1.9996983251133589
0.005949499999999846 1.9996983251133675
0.005954499999999846 1.999698325113372
0.005959499999999846 1.9996983251133729
0.005964499999999846 1.9996983251133742
0.005969499999999846 1.9996981022564044
0.005974499999999845 1.9996936419835993
0.005979499999999845 1.999677437060374
0.005984499999999845 1.999615425305812
0.005989499999999845 1.9994789868748546
0.005994499999999845 1.999427641421493
0.005999499999999844 1.9994083189944345
0.006004499999999844 1.9994010476141308
0.006009499999999844 1.9993983112735265
0.006014499999999844 1.9993972815455265
0.0060194999999998436 1.999396894042911
0.006024499999999843 1.9993967482194968
0.006029499999999843 1.9993966933438672
0.006034499999999843 1.9993966726933097
0.006039499999999843 1.9993966649221824
0.0060444999999998425 1.9993966619977857
0.006049499999999842 1.9993966608972893
0.006054499999999842 1.9993966604831555
0.006059499999999842 1.9993966603273103
0.006064499999999842 1.999396660268663
0.0060694999999998415 1.9993966602465933
0.006074499999999841 1.999396660238288
0.006079499999999841 1.9993966602351627
0.006084499999999841 1.9993966602339868
0.006089499999999841 1.9993966602335445
0.0060944999999998405 1.999396660233378
0.00609949999999984 1.9993966602333149
0.00610449999999984 1.999396660233291
0.00610949999999984 1.9993966602332824
0.00611449999999984 1.999396660233279
0.0061194999999998395 1.9993966602332778
0.006124499999999839 1.9993966602332773
0.006129499999999839 1.9993966602332771
0.006134499999999839 1.9993966602332771
0.006139499999999839 1.9993966602332771
0.0061444999999998385 1.9993966602332773
0.006149499999999838 1.9993966602332771
0.006154499999999838 1.9993966602332771
0.006159499999999838 1.9993966602332771
0.006164499999999838 1.9993966602333098
0.0061694999999998374 1.9993966602333713
0.006174499999999837 1.9993966602334587
0.006179499999999837 1.9993966602335769
0.006184499999999837 1.9993963132677166
0.006189499999999837 1.9993546178128527
0.006194499999999836 1.960799043804489
0.006199499999999836 1.6254048268033803
0.006204499999999836 1.230228004501047
0.006209499999999836 0.8823214844605959
0.006214499999999836 0.6103084124304997
0.006219499999999835 0.4120143037886581
0.006224499999999835 0.27366544860657743
0.006229499999999835 0.17982541563383714
0.006234499999999835 0.11732939203699509
0.006239499999999835 0.07619970414687141
0.006244499999999834 0.04933932973635272
0.006249499999999834 0.03188500453033788
0.006254499999999834 0.02057937563449532
0.006259499999999834 0.013271633234874661
0.006264499999999834 0.008554379076338105
0.006269499999999833 0.005511954057508231
0.006274499999999833 0.003550814155403699
0.006279499999999833 0.002287121608933831
0.006284499999999833 0.0014730288541195049
0.0062894999999998326 0.0009486541858989644
0.006294499999999832 0.0006109255544390974
0.006299499999999832 0.00039342155705284875
0.006304499999999832 0.00025335019933627996
0.006309499999999832 0.00016314733804857455
0.0063144999999998315 0.00010505964501696219
0.006319499999999831 6.765346734015823e-05
0.006324499999999831 4.3565532554018585e-05
0.006329499999999831 2.805402927704985e-05
0.006334499999999831 1.8065375045050816e-05
0.0063394999999998305 1.1633178924150996e-05
0.00634449999999983 7.491169666918191e-06
0.00634949999999983 4.8239270368813445e-06
0.00635449999999983 3.106359707264667e-06
0.00635949999999983 2.0003348663219384e-06
0.0063644999999998295 1.2881120146237055e-06
0.006369499999999829 8.294767269364568e-07
0.006374499999999829 5.341384819288479e-07
0.006379499999999829 3.4395614255758924e-07
0.006384499999999829 2.2148966574313079e-07
0.0063894999999998285 1.4262888612715263e-07
0.006394499999999828 9.18465220523466e-08
0.006399499999999828 5.9145015764579266e-08
0.0064 3.808673475973832e-08
