0 2.6015619472543397e-16
4.9999999999999996e-06 2.601398705629767e-16
9.999999999999999e-06 2.6012850725641274e-16
1.4999999999999999e-05 2.601210055969462e-16
1.9999999999999998e-05 2.60116133440291e-16
2.4999999999999998e-05 2.601129865498212e-16
2.9999999999999997e-05 2.6011095794915193e-16
3.5e-05 2.6010965114686917e-16
3.9999999999999996e-05 2.6010880952887133e-16
4.4999999999999996e-05 2.601378529562752e-16
4.9999999999999996e-05 2.601968233359012e-16
5.4999999999999995e-05 2.6028354056380576e-16
5.9999999999999995e-05 2.603979513681318e-16
6.5e-05 2.6054291728636563e-16
7e-05 2.6072479440055145e-16
7.5e-05 2.6090260904539146e-16
7.999999999999999e-05 2.6103841649093886e-16
8.499999999999999e-05 2.611336857446919e-16
8.999999999999999e-05 2.6119794958579523e-16
9.499999999999999e-05 2.6124042603045883e-16
9.999999999999999e-05 2.6126818997690717e-16
0.00010499999999999999 2.612862233298937e-16
0.00010999999999999999 2.6129789417857044e-16
0.00011499999999999999 2.613054315747592e-16
0.00011999999999999999 2.613102935588984e-16
0.000125 2.6131342755938927e-16
0.00013000000000000002 2.613154468822034e-16
0.00013500000000000003 2.6131674767483674e-16
0.00014000000000000004 2.613175854923498e-16
0.00014500000000000006 2.6131812507154507e-16
0.00015000000000000007 2.613184725598227e-16
0.00015500000000000008 2.6131869633554335e-16
0.0001600000000000001 2.613188404404166e-16
0.0001650000000000001 2.613322762270184e-16
0.00017000000000000012 2.613583996931572e-16
0.00017500000000000013 2.6139636384566633e-16
0.00018000000000000015 2.6144657142601505e-16
0.00018500000000000016 2.614768924448613e-16
0.00019000000000000017 2.6140272036765634e-16
0.00019500000000000019 2.612797178353317e-16
0.0002000000000000002 2.6115244170664334e-16
0.0002050000000000002 2.6104634569859657e-16
0.00021000000000000023 2.6096663838442864e-16
0.00021500000000000024 2.609100050196728e-16
0.00022000000000000025 2.608710581078642e-16
0.00022500000000000026 2.608448151911201e-16
0.00023000000000000028 2.608273677632426e-16
0.0002350000000000003 2.6081587322294233e-16
0.0002400000000000003 2.6080834848495436e-16
0.0002450000000000003 2.6080344467551335e-16
0.00025000000000000033 2.608002592218954e-16
0.00025500000000000034 2.607981948251887e-16
0.00026000000000000036 2.6079685922585933e-16
0.00026500000000000037 2.6079599620809285e-16
0.0002700000000000004 2.6079543906307247e-16
0.0002750000000000004 2.607950796226263e-16
0.0002800000000000004 2.607948478443723e-16
0.0002850000000000004 2.6079469844051516e-16
0.00029000000000000044 2.607946021606119e-16
0.00029500000000000045 2.6079454012735456e-16
0.00030000000000000046 2.607945001650111e-16
0.0003050000000000005 2.607944744236673e-16
0.0003100000000000005 2.6079445784393456e-16
0.0003150000000000005 2.6079444716571697e-16
0.0003200000000000005 2.607944402886766e-16
0.00032500000000000053 2.6079443585982854e-16
0.00033000000000000054 2.607944330076952e-16
0.00033500000000000055 2.607944311709819e-16
0.00034000000000000057 2.607944299881913e-16
0.0003450000000000006 2.6079442922651664e-16
0.0003500000000000006 2.607944287360278e-16
0.0003550000000000006 2.60794428420173e-16
0.0003600000000000006 2.6079442821677685e-16
0.00036500000000000063 2.607944280853721e-16
0.00037000000000000065 2.607780623336147e-16
0.00037500000000000066 2.6073444717983887e-16
0.00038000000000000067 2.6069248085019873e-16
0.0003850000000000007 2.60722298943061e-16
0.0003900000000000007 2.6087669609017497e-16
0.0003950000000000007 2.610166613794776e-16
0.0004000000000000007 2.611131446628825e-16
0.00040500000000000074 2.6118165810064425e-16
0.00041000000000000075 2.6122870260821145e-16
0.00041500000000000076 2.6126016642187346e-16
0.0004200000000000008 2.6128087670730885e-16
0.0004250000000000008 2.6129438334771673e-16
0.0004300000000000008 2.6130314520206953e-16
0.0004350000000000008 2.613088116174361e-16
0.00044000000000000083 2.613124696349027e-16
0.00044500000000000084 2.6131482865917693e-16
0.00045000000000000086 2.6131634905411386e-16
0.00045500000000000087 2.6131732860547414e-16
0.0004600000000000009 2.6131795957527033e-16
0.0004650000000000009 2.613183659602955e-16
0.0004700000000000009 2.6131862767993077e-16
0.0004750000000000009 2.6131879622540163e-16
0.00048000000000000093 2.613189047648111e-16
0.00048500000000000095 2.613189746607171e-16
0.000490000000000001 2.6131901967107375e-16
0.000495000000000001 2.6131904865592705e-16
0.000500000000000001 2.613190673209491e-16
0.000505000000000001 2.613190793404172e-16
0.000510000000000001 2.6131908708042726e-16
0.000515000000000001 2.613190920646523e-16
0.000520000000000001 2.613190952742725e-16
0.000525000000000001 2.613190973411237e-16
0.0005300000000000011 2.613190986720852e-16
0.0005350000000000011 2.6131909952916303e-16
0.0005400000000000011 2.6131910008108237e-16
0.0005450000000000011 2.613191004364942e-16
0.0005500000000000011 2.613191006653645e-16
0.0005550000000000011 2.6131910081274598e-16
0.0005600000000000011 2.6131910090765284e-16
0.0005650000000000012 2.61332443957163e-16
0.0005700000000000012 2.613585077043594e-16
0.0005750000000000012 2.613964334003783e-16
0.0005800000000000012 2.614466162163925e-16
0.0005850000000000012 2.614769212880094e-16
0.0005900000000000012 2.6140273894133823e-16
0.0005950000000000012 2.612797297958873e-16
0.0006000000000000012 2.611524494086411e-16
0.0006050000000000013 2.6104635065828844e-16
0.0006100000000000013 2.6096664157821435e-16
0.0006150000000000013 2.609100070763046e-16
0.0006200000000000013 2.6087105943222875e-16
0.0006250000000000013 2.608448160439437e-16
0.0006300000000000013 2.608273683124162e-16
0.0006350000000000013 2.6081587357658295e-16
0.0006400000000000014 2.608083487126803e-16
0.0006450000000000014 2.6080344482215756e-16
0.0006500000000000014 2.6080025931632627e-16
0.0006550000000000014 2.6079819488599697e-16
0.0006600000000000014 2.60796859265016e-16
0.0006650000000000014 2.6079599623330667e-16
0.0006700000000000014 2.607954390793082e-16
0.0006750000000000014 2.6079507963308124e-16
0.0006800000000000015 2.6079484785110415e-16
0.0006850000000000015 2.6079469844485133e-16
0.0006900000000000015 2.607946021634047e-16
0.0006950000000000015 2.6079454012915336e-16
0.0007000000000000015 2.6079450016616953e-16
0.0007050000000000015 2.607944744244118e-16
0.0007100000000000015 2.6079445784441414e-16
0.0007150000000000016 2.607944471660245e-16
0.0007200000000000016 2.6079444028887404e-16
0.0007250000000000016 2.6079443585995535e-16
0.0007300000000000016 2.6079443300777624e-16
0.0007350000000000016 2.6079443117103264e-16
0.0007400000000000016 2.6079442998822525e-16
0.0007450000000000016 2.607944292265379e-16
0.0007500000000000016 2.6079442873604134e-16
0.0007550000000000017 2.6079442842018207e-16
0.0007600000000000017 2.607944282167832e-16
0.0007650000000000017 2.607944280853771e-16
0.0007700000000000017 2.6077806233362196e-16
0.0007750000000000017 2.6073444717984656e-16
0.0007800000000000017 2.606924808502028e-16
0.0007850000000000017 2.607222989430623e-16
0.0007900000000000017 2.6087669609017635e-16
0.0007950000000000018 2.610166613794781e-16
0.0008000000000000018 2.6111314466288344e-16
0.0008050000000000018 2.611816581006447e-16
0.0008100000000000018 2.61228702608211e-16
0.0008150000000000018 2.61260166421873e-16
0.0008200000000000018 2.612808767073075e-16
0.0008250000000000018 2.612943833477172e-16
0.0008300000000000019 2.6130314520207086e-16
0.0008350000000000019 2.6130881161743565e-16
0.0008400000000000019 2.6131246963490225e-16
0.0008450000000000019 2.613148286591783e-16
0.0008500000000000019 2.6131634905411524e-16
0.0008550000000000019 2.6131732860547463e-16
0.0008600000000000019 2.6131795957527033e-16
0.0008650000000000019 2.6131836596029455e-16
0.000870000000000002 2.6131862767992983e-16
0.000875000000000002 2.6131879622540163e-16
0.000880000000000002 2.613189047648106e-16
0.000885000000000002 2.613189746607171e-16
0.000890000000000002 2.613190196710742e-16
0.000895000000000002 2.6131904865592617e-16
0.000900000000000002 2.613190673209491e-16
0.000905000000000002 2.613190793404172e-16
0.0009100000000000021 2.6131908708042726e-16
0.0009150000000000021 2.613190920646523e-16
0.0009200000000000021 2.6131909527427115e-16
0.0009250000000000021 2.613190973411237e-16
0.0009300000000000021 2.613190986720838e-16
0.0009350000000000021 2.6131909952916215e-16
0.0009400000000000021 2.6131910008108237e-16
0.0009450000000000022 2.613191004364942e-16
0.0009500000000000022 2.6131910066536363e-16
0.0009550000000000022 2.613191008127451e-16
0.0009600000000000022 2.613191009076524e-16
0.0009650000000000022 2.613324439571639e-16
0.0009700000000000022 2.613585077043585e-16
0.0009750000000000022 2.6139643340037785e-16
0.0009800000000000021 2.6144661621639113e-16
0.0009850000000000021 2.6147692128493443e-16
0.0009900000000000022 2.614027389369282e-16
0.0009950000000000028 2.611414243788964e-16
0.0010000000000000035 2.610221004895817e-16
0.0010050000000000042 2.609363063401407e-16
0.0010100000000000048 2.6088038806440167e-16
0.0010150000000000055 2.608457060993057e-16
0.0010200000000000061 2.608247475070577e-16
0.0010295000000000068 2.6080657836421666e-16
0.0010345000000000068 2.608022700979317e-16
0.0010395000000000068 2.607994863747951e-16
0.0010445000000000068 2.6079768932594413e-16
0.0010495000000000068 2.6079652999397956e-16
0.0010545000000000068 2.6079578243467683e-16
0.0010595000000000068 2.6079530056570865e-16
0.0010645000000000068 2.6079499003931365e-16
0.0010695000000000069 2.6079478996823787e-16
0.0010745000000000069 2.607946610814578e-16
0.0010795000000000069 2.607945780606504e-16
0.001084500000000007 2.6079452458796633e-16
0.001089500000000007 2.6079449014882337e-16
0.001094500000000007 2.6079446796918846e-16
0.001099500000000007 2.6079445368541096e-16
0.001104500000000007 2.6079444448681066e-16
0.001109500000000007 2.6079443856310907e-16
0.001114500000000007 2.607944347484197e-16
0.001119500000000007 2.607944322918964e-16
0.001124500000000007 2.607944307099914e-16
0.001129500000000007 2.60794429691313e-16
0.001134500000000007 2.6079442903533023e-16
0.001139500000000007 2.607944286129082e-16
0.001144500000000007 2.6079442834088824e-16
0.001149500000000007 2.607944281657211e-16
0.001154500000000007 2.6079442805292236e-16
0.001159500000000007 2.6079442798028523e-16
0.0011645000000000071 2.6079442793334736e-16
0.0011695000000000071 2.607819202160786e-16
0.0011745000000000071 2.607398586731247e-16
0.0011795000000000071 2.6069573923492523e-16
0.0011845000000000072 2.6071326847219287e-16
0.0011895000000000072 2.6087114981841564e-16
0.0011945000000000072 2.6107337354996283e-16
0.0011995000000000072 2.6131052004544934e-16
0.0012045000000000072 2.614873126344962e-16
0.0012095000000000072 2.6160804119465513e-16
0.0012145000000000072 2.616878692911987e-16
0.0012195000000000073 2.6173994230677567e-16
0.0012245000000000073 2.617736990717144e-16
0.0012295000000000073 2.6179551503647866e-16
0.0012345000000000073 2.6180959154285735e-16
0.0012395000000000073 2.6181866642395056e-16
0.0012445000000000073 2.6182451404388407e-16
0.0012495000000000073 2.618282810798363e-16
0.0012545000000000073 2.6183070742782695e-16
0.0012595000000000074 2.6183227009893183e-16
0.0012645000000000074 2.618332764732959e-16
0.0012695000000000074 2.618339245679811e-16
0.0012745000000000074 2.6183434192692733e-16
0.0012795000000000074 2.6183461069429854e-16
0.0012845000000000074 2.618347837718611e-16
0.0012895000000000074 2.6183489522786776e-16
0.0012945000000000075 2.618349670015598e-16
0.0012995000000000075 2.618350132212048e-16
0.0013045000000000075 2.618350429849535e-16
0.0013095000000000075 2.618350621517e-16
0.0013145000000000075 2.618350744943711e-16
0.0013195000000000075 2.618350824425904e-16
0.0013245000000000075 2.61835087560946e-16
0.0013295000000000075 2.6183509085697547e-16
0.0013345000000000076 2.618350929794953e-16
0.0013395000000000076 2.6183509434631887e-16
0.0013445000000000076 2.618350952265011e-16
0.0013495000000000076 2.6183509579330577e-16
0.0013545000000000076 2.6183509615830564e-16
0.0013595000000000076 2.618350963933513e-16
0.0013645000000000076 2.61879759455701e-16
0.0013695000000000076 2.641651041705006e-16
0.0013745000000000077 3.5024994223997994e-16
0.0013795000000000077 6.223484103136466e-15
0.0013845000000000077 0.0014759550588956127
0.0013895000000000077 0.16661811657406822
0.0013945000000000077 0.7667456865388491
0.0013995000000000077 1.407722603017576
0.0014045000000000077 1.7636093024453237
0.0014095000000000078 1.9240638217609776
0.0014145000000000078 1.9781972127323344
0.0014195000000000078 1.9939914489451183
0.0014245000000000078 1.9982358871634789
0.0014295000000000078 1.9993243634759432
0.0014345000000000078 1.9995980914619913
0.0014395000000000078 1.9996678239905925
0.0014445000000000078 1.9996868220521706
0.0014495000000000079 1.9996928511537757
0.0014545000000000079 1.9996952595303694
0.0014595000000000079 1.9996964609633305
0.001464500000000008 1.9996971514678872
0.001469500000000008 1.9996975760844447
0.001474500000000008 1.9996978445690126
0.001479500000000008 1.9996980161840656
0.001484500000000008 1.9996981263436906
0.001489500000000008 1.999698197174523
0.001494500000000008 1.9996982427502166
0.001499500000000008 1.999698272085338
0.001504500000000008 1.9996982909702885
0.001509500000000008 1.99969830312893
0.001514500000000008 1.9996983109574447
0.001519500000000008 1.9996983159981323
0.001524500000000008 1.999698319243852
0.001529500000000008 1.9996983213338198
0.001534500000000008 1.9996983226795975
0.001539500000000008 1.9996983235461816
0.001544500000000008 1.999698324104202
0.0015495000000000081 1.9996983244635302
0.0015545000000000081 1.9996983246949147
0.0015595000000000081 1.999698324843912
0.0015645000000000082 1.9996983249398572
0.0015695000000000082 1.9996981021475684
0.0015745000000000082 1.9996936419692672
0.0015795000000000082 1.9996774372750599
0.0015845000000000082 1.999615427510479
0.0015895000000000082 1.999482809031954
0.0015945000000000082 1.9994290802326309
0.0015995000000000083 1.9994088605977627
0.0016045000000000083 1.999401251466564
0.0016095000000000083 1.9993983879930703
0.0016145000000000083 1.9993973104155638
0.0016195000000000083 1.9993969049054932
0.0016245000000000083 1.9993967523062528
0.0016295000000000083 1.9993966948813349
0.0016345000000000083 1.9993966732718373
0.0016395000000000084 1.999396665140112
0.0016445000000000084 1.9993966620801897
0.0016495000000000084 1.9993966609288052
0.0016545000000000084 1.9993966604955933
0.0016595000000000084 1.9993966603326152
0.0016645000000000084 1.9993966602713145
0.0016695000000000084 1.9993966602482653
0.0016745000000000084 1.9993966602396038
0.0016795000000000085 1.9993966602363522
0.0016845000000000085 1.9993966602351338
0.0016895000000000085 1.9993966602346789
0.0016945000000000085 1.9993966602345097
0.0016995000000000085 1.999396660234447
0.0017045000000000085 1.9993966602344246
0.0017095000000000085 1.9993966602344166
0.0017145000000000086 1.9993966602344138
0.0017195000000000086 1.9993966602344133
0.0017245000000000086 1.999396660234413
0.0017295000000000086 1.9993966602344135
0.0017345000000000086 1.9993966602344135
0.0017395000000000086 1.9993966602344135
0.0017445000000000086 1.9993966602344135
0.0017495000000000086 1.9993966602344135
0.0017545000000000087 1.9993966602344138
0.0017595000000000087 1.9993966602344133
0.0017645000000000087 1.9993966602346722
0.0017695000000000087 1.9993966602531883
0.0017745000000000087 1.9993966605639515
0.0017795000000000087 1.9993966616328658
0.0017845000000000087 1.9994112540803186
0.0017895000000000087 1.9995212110867508
0.0017945000000000088 1.999608518276507
0.0017995000000000088 1.9996562153649744
0.0018045000000000088 1.9996789212111787
0.0018095000000000088 1.999689352078688
0.0018145000000000088 1.9996941425223242
0.0018195000000000088 1.9996963619437336
0.0018245000000000088 1.9996973992210743
0.0018295000000000089 1.9996978871142952
0.0018345000000000089 1.9996981175455601
0.0018395000000000089 1.9996982266471186
0.001844500000000009 1.9996982783765411
0.001849500000000009 1.9996983029230178
0.001854500000000009 1.9996983145757963
0.001859500000000009 1.9996983201089364
0.001864500000000009 1.9996983227365899
0.001869500000000009 1.9996983239845283
0.001874500000000009 1.9996983245772264
0.001879500000000009 1.9996983248587283
0.001884500000000009 1.999698324992429
0.001889500000000009 1.9996983250559306
0.001894500000000009 1.9996983250860918
0.001899500000000009 1.9996983251004166
0.001904500000000009 1.9996983251072198
0.001909500000000009 1.9996983251104514
0.001914500000000009 1.9996983251119866
0.001919500000000009 1.9996983251127156
0.001924500000000009 1.999698325113062
0.0019295000000000091 1.9996983251132268
0.0019345000000000091 1.9996983251133043
0.0019395000000000091 1.9996983251133411
0.0019445000000000092 1.9996983251133589
0.0019495000000000092 1.9996983251133675
0.001954500000000009 1.999698325113372
0.001959500000000009 1.999698325113373
0.0019645000000000088 1.9996983251133742
0.0019695000000000086 1.9996981022594384
0.0019745000000000084 1.99969364204308
0.001979500000000008 1.9996774373270705
0.001984500000000008 1.999615427556149
0.0019895000000000078 1.9994828090830001
0.0019945000000000076 1.999429080274651
0.0019995000000000073 1.9994088606298015
0.002004500000000007 1.9994012514892037
0.002009500000000007 1.9993983880084372
0.0020145000000000067 1.9993973104257645
0.0020195000000000065 1.9993969049121783
0.0020245000000000063 1.9993967523106038
0.002029500000000006 1.999396694884153
0.002034500000000006 1.9993966732736588
0.0020395000000000057 1.9993966651412869
0.0020445000000000055 1.999396662080947
0.0020495000000000053 1.9993966609292932
0.002054500000000005 1.9993966604959077
0.002059500000000005 1.999396660332818
0.0020645000000000047 1.9993966602714448
0.0020695000000000045 1.9993966602483493
0.0020745000000000043 1.9993966602396578
0.002079500000000004 1.999396660236387
0.002084500000000004 1.9993966602351567
0.0020895000000000037 1.9993966602346935
0.0020945000000000035 1.9993966602345192
0.0020995000000000033 1.9993966602344533
0.002104500000000003 1.999396660234429
0.002109500000000003 1.9993966602344195
0.0021145000000000027 1.999396660234416
0.0021195000000000025 1.9993966602344146
0.0021245000000000023 1.9993966602344142
0.002129500000000002 1.9993966602344142
0.002134500000000002 1.9993966602344144
0.0021395000000000016 1.999396660234414
0.0021445000000000014 1.999396660234414
0.0021495000000000012 1.999396660234414
0.002154500000000001 1.9993966602344142
0.002159500000000001 1.999396660234414
0.0021645000000000006 1.999396660234672
0.0021695000000000004 1.9993966602531885
0.0021745000000000002 1.9993966605639517
0.0021795 1.9993966616328658
0.0021845 1.9994112540803186
0.0021894999999999996 1.9995212110867506
0.0021944999999999994 1.9996085182765067
0.002199499999999999 1.999656215364974
0.002204499999999999 1.9996789211923385
0.002209499999999999 1.999689352011759
0.0022144999999999986 1.999694142443688
0.0022194999999999984 1.9996963618791532
0.002224499999999998 1.9996973991800162
0.002229499999999998 1.9996978870915232
0.0022344999999999978 1.9996981175338049
0.0022394999999999976 1.9996982266412788
0.0022444999999999974 1.9996982783736992
0.002249499999999997 1.9996983029216495
0.002254499999999997 1.9996983145751421
0.0022594999999999968 1.9996983201086242
0.0022644999999999966 1.9996983227364415
0.0022694999999999963 1.999698323984458
0.002274499999999996 1.9996983245771929
0.002279499999999996 1.9996983248587124
0.0022844999999999957 1.9996983249924216
0.0022894999999999955 1.9996983250559273
0.0022944999999999953 1.9996983250860894
0.002299499999999995 1.9996983251004152
0.002304499999999995 1.9996983251072196
0.0023094999999999947 1.9996983251104512
0.0023144999999999945 1.9996983251119866
0.0023194999999999943 1.9996983251127156
0.002324499999999994 1.999698325113062
0.002329499999999994 1.9996983251132263
0.0023344999999999937 1.9996983251133043
0.0023394999999999935 1.9996983251133411
0.0023444999999999933 1.9996983251133589
0.002349499999999993 1.9996983251133675
0.002354499999999993 1.999698325113372
0.0023594999999999927 1.999698325113373
0.0023644999999999925 1.9996983251133735
0.0023694999999999923 1.9996981022594384
0.002374499999999992 1.9996936420430798
0.002379499999999992 1.9996774373270703
0.0023844999999999917 1.999615427556149
0.0023894999999999915 1.9994828090830004
0.0023944999999999913 1.9994290802761745
0.002399499999999991 1.9994088606303742
0.002404499999999991 1.9994012514894193
0.0024094999999999906 1.9993983880085187
0.0024144999999999904 1.9993973104257947
0.0024194999999999902 1.9993969049121902
0.00242449999999999 1.9993967523106084
0.00242949999999999 1.9993966948841524
0.0024344999999999896 1.999396673273658
0.0024394999999999894 1.9993966651412864
0.002444499999999989 1.999396662080947
0.002449499999999989 1.999396660929293
0.002454499999999989 1.9993966604959077
0.0024594999999999886 1.999396660332818
0.0024644999999999884 1.9993966602714448
0.002469499999999988 1.9993966602483493
0.002474499999999988 1.999396660239658
0.002479499999999988 1.9993966602363873
0.0024844999999999876 1.9993966602351565
0.0024894999999999874 1.9993966602346929
0.002494499999999987 1.9993966602345186
0.002499499999999987 1.9993966602344533
0.0025044999999999868 1.9993966602344284
0.0025094999999999866 1.9993966602344195
0.0025144999999999864 1.999396660234416
0.002519499999999986 1.9993966602344146
0.002524499999999986 1.9993966602344142
0.0025294999999999858 1.9993966602344138
0.0025344999999999855 1.999396660234414
0.0025394999999999853 1.999396660234414
0.002544499999999985 1.999396660234414
0.002549499999999985 1.999396660234414
0.0025544999999999847 1.999396660234414
0.0025594999999999845 1.999396660234414
0.0025644999999999843 1.999396660234672
0.002569499999999984 1.999396660253188
0.002574499999999984 1.9993966605639515
0.0025794999999999837 1.9993966616328658
0.0025844999999999835 1.9994112540803184
0.0025894999999999833 1.99952121108675
0.002594499999999983 1.9996085182765062
0.002599499999999983 1.999656215341375
0.0026044999999999827 1.9996789210854113
0.0026094999999999825 1.9996893519195194
0.0026144999999999823 1.9996941423885348
0.002619499999999982 1.9996963618502195
0.002624499999999982 1.9996973991619447
0.0026294999999999817 1.9996978870791202
0.0026344999999999815 1.9996981175254636
0.0026394999999999813 1.9996982266359584
0.002644499999999981 1.9996982783704713
0.002649499999999981 1.999698302919769
0.0026544999999999807 1.9996983145740794
0.0026594999999999805 1.9996983201080385
0.0026644999999999803 1.9996983227361247
0.00266949999999998 1.999698323984289
0.00267449999999998 1.9996983245771036
0.0026794999999999796 1.9996983248586657
0.0026844999999999794 1.9996983249923965
0.0026894999999999792 1.9996983250559144
0.002694499999999979 1.9996983250860834
0.002699499999999979 1.9996983251004121
0.0027044999999999786 1.999698325107218
0.0027094999999999784 1.9996983251104508
0.002714499999999978 1.999698325111986
0.002719499999999978 1.9996983251127154
0.002724499999999978 1.9996983251130616
0.0027294999999999776 1.9996983251132259
0.0027344999999999774 1.9996983251133043
0.002739499999999977 1.9996983251133416
0.002744499999999977 1.9996983251133593
0.002749499999999977 1.9996983251133675
0.0027544999999999766 1.9996983251133715
0.0027594999999999764 1.9996983251133735
0.002764499999999976 1.999698325113374
0.002769499999999976 1.9996981022564047
0.0027744999999999758 1.9996936419835993
0.0027794999999999756 1.9996774370603734
0.0027844999999999754 1.9996154253058098
0.002789499999999975 1.9994789868748535
0.002794499999999975 1.9994276414214924
0.0027994999999999748 1.999408318994434
0.0028044999999999745 1.9994010476141306
0.0028094999999999743 1.9993983112735267
0.002814499999999974 1.9993972815455265
0.002819499999999974 1.9993968940427866
0.0028244999999999737 1.99939674821945
0.0028294999999999735 1.99939669334385
0.0028344999999999733 1.9993966726933037
0.002839499999999973 1.99939666492218
0.002844499999999973 1.9993966619977843
0.0028494999999999727 1.9993966608972888
0.0028544999999999725 1.9993966604831552
0.0028594999999999723 1.99939666032731
0.002864499999999972 1.999396660268663
0.002869499999999972 1.9993966602465933
0.0028744999999999717 1.9993966602382887
0.0028794999999999715 1.999396660235163
0.0028844999999999713 1.999396660233987
0.002889499999999971 1.9993966602335445
0.002894499999999971 1.999396660233378
0.0028994999999999707 1.999396660233315
0.0029044999999999705 1.999396660233291
0.0029094999999999703 1.9993966602332824
0.00291449999999997 1.999396660233279
0.00291949999999997 1.9993966602332782
0.0029244999999999697 1.9993966602332773
0.0029294999999999695 1.9993966602332771
0.0029344999999999693 1.9993966602332771
0.002939499999999969 1.9993966602332771
0.002944499999999969 1.9993966602332771
0.0029494999999999686 1.9993966602332773
0.0029544999999999684 1.9993966602332771
0.0029594999999999682 1.9993966602332771
0.002964499999999968 1.9993966602333098
0.002969499999999968 1.9993966602333713
0.0029744999999999676 1.9993966602334585
0.0029794999999999674 1.9993966602335767
0.002984499999999967 1.9993963132677162
0.002989499999999967 1.9993546178128747
0.002994499999999967 1.960799044633442
0.0029994999999999666 1.6254048287160245
0.0030044999999999664 1.2302280063491373
0.003009499999999966 0.882321485976569
0.003014499999999966 0.6103084135672103
0.003019499999999966 0.412014304595792
0.0030244999999999656 0.27366544916023433
0.0030294999999999654 0.17982541600525054
0.003034499999999965 0.11732939228257902
0.003039499999999965 0.07619970430774141
0.0030444999999999648 0.04933932984109393
0.0030494999999999646 0.03188500459826744
0.0030544999999999644 0.02057937567843952
0.003059499999999964 0.013271633263256205
0.003064499999999964 0.008554378962418818
0.0030694999999999638 0.005511953984060089
0.0030744999999999635 0.0035508141080695336
0.0030794999999999633 0.0022871215777598855
0.003084499999999963 0.0014730288340385246
0.003089499999999963 0.0009486541729651268
0.0030944999999999627 0.0006109255461092459
0.0030994999999999625 0.0003934215516883875
0.0031044999999999623 0.00025335019588165075
0.003109499999999962 0.0001631473358238919
0.003114499999999962 0.00010505964358434852
0.0031194999999999617 6.765346641761547e-05
0.0031244999999999615 4.356553195994317e-05
0.0031294999999999613 2.8054028894493734e-05
0.003134499999999961 1.8065374798703545e-05
0.003139499999999961 1.163317876551573e-05
0.0031444999999999607 7.491169564765142e-06
0.0031494999999999605 4.823926971100012e-06
0.0031544999999999603 3.1063596649048737e-06
0.00315949999999996 2.000334839044418e-06
0.00316449999999996 1.2881119970583928e-06
0.0031694999999999597 8.294767156253138e-07
0.0031744999999999595 5.341384746450787e-07
0.0031794999999999593 3.4395613786723773e-07
0.003184499999999959 2.21489662722791e-07
0.003189499999999959 1.426288841821965e-07
0.0031944999999999587 9.184652079988324e-08
0.0031994999999999585 5.914501495804936e-08
0.0032044999999999582 3.8086734240369266e-08
0.003209499999999958 2.452615142533582e-08
0.003214499999999958 1.5793744522836156e-08
0.0032194999999999576 1.0170465384648384e-08
0.0032244999999999574 6.549325122746405e-09
0.0032294999999999572 4.217472696601762e-09
0.003234499999999957 2.7158639792167647e-09
0.003239499999999957 1.7488950913456844e-09
0.0032444999999999566 1.1262103530918341e-09
0.0032494999999999564 7.252292168207832e-10
0.003254499999999956 4.670152896358532e-10
0.003259499999999956 3.007370631493951e-10
0.003264499999999956 1.9366131822433092e-10
0.0032694999999999556 1.2470932496935282e-10
0.0032744999999999554 8.030732359061637e-11
0.003279499999999955 5.1714419551810035e-11
0.003284499999999955 3.3301867504999544e-11
0.003289499999999955 2.1445007061047846e-11
0.0032944999999999546 1.3809718958147149e-11
0.0032994999999999544 8.892934731007549e-12
0.003304499999999954 5.72674547784196e-12
0.003309499999999954 3.6878611331678514e-12
0.0033144999999999538 2.3749107570021324e-12
0.0033194999999999536 1.529429405999446e-12
0.0033244999999999534 9.849772104939304e-13
0.003329499999999953 6.343743345828277e-13
0.003334499999999953 4.0860175507656514e-13
0.0033394999999999527 2.6321430631577955e-13
0.0033444999999999525 1.695912883948491e-13
0.0033494999999999523 1.0930224997142421e-13
0.003354499999999952 7.047880425542615e-14
0.003359499999999952 4.5478240692325706e-14
0.0033644999999999517 2.937902843203115e-14
0.0033694999999999515 1.9011884321460122e-14
0.0033744999999999513 1.233593114485586e-14
0.003379499999999951 8.036939893449782e-15
0.003384499999999951 5.268586451580141e-15
0.0033894999999999507 3.485766747208356e-15
0.0033944999999999505 2.3376230393428968e-15
0.0033994999999999503 1.5982177088396375e-15
0.00340449999999995 1.1220500555079246e-15
0.00340949999999995 8.154095677418067e-16
0.0034144999999999497 6.179429856900278e-16
0.0034194999999999495 4.907819875106059e-16
0.0034244999999999493 4.0889561897662115e-16
0.003429499999999949 3.5616444582728597e-16
0.003434499999999949 3.2220802385029314e-16
0.0034394999999999487 3.003417166708118e-16
0.0034444999999999485 2.862608863993092e-16
0.0034494999999999483 2.771935325000061e-16
0.003454499999999948 2.7135461295992683e-16
0.003459499999999948 2.6759464506945603e-16
0.0034644999999999477 2.651734176904373e-16
0.0034694999999999475 2.6361427140263845e-16
0.0034744999999999472 2.626102613936963e-16
0.003479499999999947 2.619637307153016e-16
0.003484499999999947 2.6154739835206454e-16
0.0034894999999999466 2.61279301841537e-16
0.0034944999999999464 2.6110666156697637e-16
0.0034994999999999462 2.609954901732415e-16
0.003504499999999946 2.6092390155751696e-16
0.003509499999999946 2.608778022007237e-16
0.0035144999999999456 2.6084811660577763e-16
0.0035194999999999454 2.608290006225207e-16
0.003524499999999945 2.6081669092106124e-16
0.003529499999999945 2.6080876411203417e-16
0.003534499999999945 2.608036596583509e-16
0.0035394999999999446 2.6080037265507196e-16
0.0035444999999999444 2.607982559955443e-16
0.003549499999999944 2.607968929766599e-16
0.003554499999999944 2.607960152632389e-16
0.003559499999999944 2.6079545006134966e-16
0.0035644999999999436 2.607950861005048e-16
0.0035694999999999434 2.60782344037548e-16
0.003574499999999943 2.607401315254748e-16
0.003579499999999943 2.606959145976644e-16
0.0035844999999999428 2.607132726243152e-16
0.0035894999999999426 2.608630838907823e-16
0.0035944999999999424 2.6100592789951295e-16
0.003599499999999942 2.6110632305151996e-16
0.003604499999999942 2.6117693008285494e-16
0.0036094999999999417 2.612254834509694e-16
0.0036144999999999415 2.6125802141048363e-16
0.0036194999999999413 2.6127946748314217e-16
0.003624499999999941 2.6129346524987797e-16
0.003629499999999941 2.6130254997717205e-16
0.0036344999999999407 2.6130842680795943e-16
0.0036394999999999405 2.6131222126584964e-16
0.0036444999999999403 2.613146685064718e-16
0.00364949999999994 2.613162458423434e-16
0.00365449999999994 2.61317262111381e-16
0.0036594999999999397 2.613179167446343e-16
0.0036644999999999395 2.613183383749853e-16
0.0036694999999999393 2.6131860991460776e-16
0.003674499999999939 2.6131878478472005e-16
0.003679499999999939 2.6131889739729453e-16
0.0036844999999999387 2.6131896991627963e-16
0.0036894999999999385 2.6131901661583543e-16
0.0036944999999999383 2.6131904668847655e-16
0.003699499999999938 2.6131906605399537e-16
0.003704499999999938 2.6131907852455434e-16
0.0037094999999999377 2.613190865550477e-16
0.0037144999999999375 2.613190917263304e-16
0.0037194999999999373 2.613190950564073e-16
0.003724499999999937 2.6131909720082873e-16
0.003729499999999937 2.6131909858173956e-16
0.0037344999999999367 2.6131909947098503e-16
0.0037394999999999365 2.613191000436185e-16
0.0037444999999999362 2.6131910041236904e-16
0.003749499999999936 2.613191006498294e-16
0.003754499999999936 2.6131910080274307e-16
0.0037594999999999356 2.613191009012122e-16
0.0037644999999999354 2.613310225551017e-16
0.0037694999999999352 2.6135570914421165e-16
0.003774499999999935 2.61392333388045e-16
0.003779499999999935 2.6144115219204123e-16
0.0037844999999999346 2.614858612692241e-16
0.0037894999999999344 2.614189157776325e-16
0.003794499999999934 2.612976709040775e-16
0.003799499999999934 2.611679303924273e-16
0.003804499999999934 2.610581814223011e-16
0.0038094999999999336 2.609751239286971e-16
0.0038144999999999334 2.609158706501617e-16
0.003819499999999933 2.608750229058183e-16
0.003824499999999933 2.6084745653579376e-16
0.003829499999999933 2.6082911030020487e-16
0.0038344999999999326 2.6081701503896865e-16
0.0038394999999999324 2.608090930999309e-16
0.003844499999999932 2.6080392860266262e-16
0.003849499999999932 2.6080057295056596e-16
0.0038544999999999318 2.6079839784954073e-16
0.0038594999999999316 2.607969904376035e-16
0.0038644999999999314 2.6079608092704807e-16
0.003869499999999931 2.6079549372473785e-16
0.003874499999999931 2.6079511487274935e-16
0.0038794999999999307 2.607948705677727e-16
0.0038844999999999305 2.607947130846769e-16
0.0038894999999999303 2.6079461159613945e-16
0.00389449999999993 2.6079454620593306e-16
0.00389949999999993 2.607945040805281e-16
0.0039044999999999297 2.6079447694563936e-16
0.0039094999999999295 2.6079445946823017e-16
0.003914499999999929 2.607944482118093e-16
0.003919499999999929 2.6079444096236823e-16
0.003924499999999929 2.6079443629368187e-16
0.003929499999999929 2.6079443328708876e-16
0.0039344999999999285 2.607944313509023e-16
0.003939499999999928 2.607944301040541e-16
0.003944499999999928 2.6079442930112646e-16
0.003949499999999928 2.6079442878407197e-16
0.003954499999999928 2.607944284511115e-16
0.0039594999999999275 2.6079442823670077e-16
0.003964499999999927 2.6079442809846763e-16
0.003969499999999927 2.6078192031871003e-16
0.003974499999999927 2.6073985866749738e-16
0.003979499999999927 2.606957388894009e-16
0.0039844999999999265 2.6071315947510337e-16
0.003989499999999926 2.6086301102599206e-16
0.003994499999999926 2.6100588097712983e-16
0.003999499999999926 2.611062928353332e-16
0.004004499999999926 2.611769106248788e-16
0.0040094999999999255 2.6122547092086384e-16
0.004014499999999925 2.612580133416401e-16
0.004019499999999925 2.612794622871624e-16
0.004024499999999925 2.6129346190389683e-16
0.004029499999999925 2.613025478225104e-16
0.004034499999999924 2.613084254204535e-16
0.004039499999999924 2.613122203723577e-16
0.004044499999999924 2.6131466793110297e-16
0.004049499999999924 2.613162454718326e-16
0.004054499999999924 2.613172618727899e-16
0.004059499999999923 2.6131791659099327e-16
0.004064499999999923 2.6131833827604746e-16
0.004069499999999923 2.613186098508971e-16
0.004074499999999923 2.61318784743693e-16
0.004079499999999923 2.613188973708765e-16
0.004084499999999922 2.6131896989926726e-16
0.004089499999999922 2.6131901660488013e-16
0.004094499999999922 2.613190466814222e-16
0.004099499999999922 2.6131906604945267e-16
0.004104499999999922 2.61319078521627e-16
0.004109499999999921 2.613190865531629e-16
0.004114499999999921 2.613190917251162e-16
0.004119499999999921 2.6131909505562607e-16
0.004124499999999921 2.6131909720032465e-16
0.0041294999999999206 2.613190985814149e-16
0.00413449999999992 2.6131909947077534e-16
0.00413949999999992 2.613191000434849e-16
0.00414449999999992 2.6131910041228345e-16
0.00414949999999992 2.6131910064977367e-16
0.0041544999999999195 2.6131910080270595e-16
0.004159499999999919 2.6131910090118685e-16
0.004164499999999919 2.613310225550854e-16
0.004169499999999919 2.613557091442017e-16
0.004174499999999919 2.6139233338803957e-16
0.0041794999999999185 2.614411521920394e-16
0.004184499999999918 2.614858612692232e-16
0.004189499999999918 2.6141891577763114e-16
0.004194499999999918 2.6129767090407705e-16
0.004199499999999918 2.611679303924277e-16
0.0042044999999999175 2.610581815158657e-16
0.004209499999999917 2.60975124138816e-16
0.004214499999999917 2.6091587092329844e-16
0.004219499999999917 2.6087502318264273e-16
0.004224499999999917 2.6084745677968934e-16
0.0042294999999999165 2.608291104970272e-16
0.004234499999999916 2.6081701518872497e-16
0.004239499999999916 2.6080909320926613e-16
0.004244499999999916 2.608039286801341e-16
0.004249499999999916 2.6080057300425514e-16
0.0042544999999999155 2.607983978861319e-16
0.004259499999999915 2.6079699046222675e-16
0.004264499999999915 2.607960809434559e-16
0.004269499999999915 2.60795493735589e-16
0.004274499999999915 2.607951148798829e-16
0.0042794999999999144 2.607948705724404e-16
0.004284499999999914 2.6079471308772157e-16
0.004289499999999914 2.6079461159812033e-16
0.004294499999999914 2.6079454620721964e-16
0.004299499999999914 2.607945040813614e-16
0.004304499999999913 2.6079447694617875e-16
0.004309499999999913 2.607944594685784e-16
0.004314499999999913 2.607944482120348e-16
0.004319499999999913 2.6079444096251363e-16
0.004324499999999913 2.6079443629377383e-16
0.004329499999999912 2.6079443328714763e-16
0.004334499999999912 2.607944313509399e-16
0.004339499999999912 2.6079443010407904e-16
0.004344499999999912 2.6079442930114323e-16
0.004349499999999912 2.607944287840842e-16
0.004354499999999911 2.607944284511201e-16
0.004359499999999911 2.6079442823670663e-16
0.004364499999999911 2.6079442809847035e-16
0.004369499999999911 2.6078192032240994e-16
0.004374499999999911 2.6073985874159636e-16
0.00437949999999991 2.6069573927901816e-16
0.00438449999999991 2.607132685005858e-16
0.00438949999999991 2.608711498366979e-16
0.00439449999999991 2.6107337356173327e-16
0.0043994999999999096 2.61310520053028e-16
0.004404499999999909 2.614873126393772e-16
0.004409499999999909 2.6160804119779805e-16
0.004414499999999909 2.6168786929322304e-16
0.004419499999999909 2.6173994230807857e-16
0.0044244999999999085 2.617736990725518e-16
0.004429499999999908 2.617955150370171e-16
0.004434499999999908 2.6180959154320425e-16
0.004439499999999908 2.618186664241725e-16
0.004444499999999908 2.618245140440276e-16
0.0044494999999999075 2.6182828107993004e-16
0.004454499999999907 2.618307074278858e-16
0.004459499999999907 2.61832270098969e-16
0.004464499999999907 2.618332764733199e-16
0.004469499999999907 2.618339245679965e-16
0.0044744999999999065 2.6183434192693595e-16
0.004479499999999906 2.618346106943058e-16
0.004484499999999906 2.6183478377186563e-16
0.004489499999999906 2.6183489522787047e-16
0.004494499999999906 2.618349670015634e-16
0.0044994999999999055 2.6183501322120794e-16
0.004504499999999905 2.618350429849558e-16
0.004509499999999905 2.618350621517036e-16
0.004514499999999905 2.6183507449437293e-16
0.004519499999999905 2.618350824425904e-16
0.0045244999999999045 2.6183508756094643e-16
0.004529499999999904 2.6183509085697503e-16
0.004534499999999904 2.618350929794949e-16
0.004539499999999904 2.6183509434631887e-16
0.004544499999999904 2.6183509522650157e-16
0.0045494999999999034 2.6183509579330577e-16
0.004554499999999903 2.6183509615830564e-16
0.004559499999999903 2.6183509639335217e-16
0.004564499999999903 2.6187975945570005e-16
0.004569499999999903 2.6416510417018356e-16
0.004574499999999902 3.5024994223419956e-16
0.004579499999999902 6.223484102362144e-15
0.004584499999999902 0.001475955058323862
0.004589499999999902 0.1666181165664994
0.004594499999999902 0.7667456865219365
0.004599499999999901 1.4077226030065966
0.004604499999999901 1.7636093024392774
0.004609499999999901 1.9240638217587347
0.004614499999999901 1.9781972127316465
0.004619499999999901 1.9939914489449284
0.0046244999999999 1.9982358871634296
0.0046294999999999 1.9993243634759308
0.0046344999999999 1.9995980914619886
0.0046394999999999 1.9996678239905916
0.0046444999999999 1.9996868220521702
0.004649499999999899 1.999692851153776
0.004654499999999899 1.9996952595303694
0.004659499999999899 1.99969646096333
0.004664499999999899 1.9996971514678865
0.0046694999999998986 1.999697576084408
0.004674499999999898 1.999697844569002
0.004679499999999898 1.9996980161840614
0.004684499999999898 1.9996981263436886
0.004689499999999898 1.9996981971745211
0.0046944999999998975 1.9996982427502155
0.004699499999999897 1.9996982720853376
0.004704499999999897 1.9996982909702887
0.004709499999999897 1.9996983031289302
0.004714499999999897 1.999698310957444
0.0047194999999998965 1.9996983159981319
0.004724499999999896 1.999698319243852
0.004729499999999896 1.9996983213338198
0.004734499999999896 1.999698322679597
0.004739499999999896 1.9996983235461807
0.0047444999999998955 1.9996983241042015
0.004749499999999895 1.99969832446353
0.004754499999999895 1.999698324694915
0.004759499999999895 1.9996983248439122
0.004764499999999895 1.9996983249398566
0.0047694999999998945 1.9996981021475684
0.004774499999999894 1.9996936419692668
0.004779499999999894 1.99967743727506
0.004784499999999894 1.9996154275104816
0.004789499999999894 1.9994828090319574
0.0047944999999998935 1.999429080232632
0.004799499999999893 1.999408860597763
0.004804499999999893 1.999401251466564
0.004809499999999893 1.9993983879930703
0.004814499999999893 1.999397310415564
0.0048194999999998924 1.9993969049054936
0.004824499999999892 1.999396752306253
0.004829499999999892 1.9993966948813322
0.004834499999999892 1.9993966732718367
0.004839499999999892 1.9993966651401116
0.004844499999999891 1.9993966620801897
0.004849499999999891 1.9993966609288047
0.004854499999999891 1.9993966604955935
0.004859499999999891 1.9993966603326152
0.004864499999999891 1.9993966602713147
0.00486949999999989 1.9993966602482653
0.00487449999999989 1.999396660239604
0.00487949999999989 1.9993966602363524
0.00488449999999989 1.9993966602351338
0.00488949999999989 1.9993966602346784
0.004894499999999889 1.9993966602345095
0.004899499999999889 1.999396660234447
0.004904499999999889 1.9993966602344246
0.004909499999999889 1.9993966602344166
0.004914499999999889 1.999396660234414
0.004919499999999888 1.9993966602344133
0.004924499999999888 1.999396660234413
0.004929499999999888 1.9993966602344133
0.004934499999999888 1.9993966602344135
0.0049394999999998876 1.9993966602344135
0.004944499999999887 1.9993966602344135
0.004949499999999887 1.9993966602344135
0.004954499999999887 1.999396660234414
0.004959499999999887 1.9993966602344138
0.0049644999999998865 1.9993966602346722
0.004969499999999886 1.9993966602531883
0.004974499999999886 1.9993966605639515
0.004979499999999886 1.9993966616328658
0.004984499999999886 1.9994112540803155
0.0049894999999998855 1.9995212110867473
0.004994499999999885 1.9996085182765047
0.004999499999999885 1.9996562153649735
0.005004499999999885 1.999678921211178
0.005009499999999885 1.9996893520786883
0.0050144999999998845 1.9996941425223236
0.005019499999999884 1.9996963619437331
0.005024499999999884 1.999697399221074
0.005029499999999884 1.9996978871142952
0.005034499999999884 1.9996981175455604
0.0050394999999998835 1.9996982266471193
0.005044499999999883 1.9996982783765405
0.005049499999999883 1.9996983029230173
0.005054499999999883 1.9996983145757963
0.005059499999999883 1.9996983201089367
0.0050644999999998825 1.99969832273659
0.005069499999999882 1.9996983239845285
0.005074499999999882 1.9996983245772257
0.005079499999999882 1.9996983248587283
0.005084499999999882 1.9996983249924283
0.0050894999999998814 1.9996983250559308
0.005094499999999881 1.9996983250860911
0.005099499999999881 1.9996983251004163
0.005104499999999881 1.9996983251072198
0.005109499999999881 1.9996983251104516
0.00511449999999988 1.9996983251119866
0.00511949999999988 1.9996983251127156
0.00512449999999988 1.999698325113062
0.00512949999999988 1.9996983251132268
0.00513449999999988 1.9996983251133043
0.005139499999999879 1.9996983251133418
0.005144499999999879 1.9996983251133593
0.005149499999999879 1.999698325113368
0.005154499999999879 1.9996983251133713
0.005159499999999879 1.999698325113373
0.005164499999999878 1.999698325113374
0.005169499999999878 1.9996981022594384
0.005174499999999878 1.9996936420430802
0.005179499999999878 1.9996774373270712
0.005184499999999878 1.9996154275561513
0.005189499999999877 1.9994828090830032
0.005194499999999877 1.9994290802746517
0.005199499999999877 1.9994088606298017
0.005204499999999877 1.999401251489204
0.0052094999999998766 1.9993983880084376
0.005214499999999876 1.9993973104257647
0.005219499999999876 1.9993969049121787
0.005224499999999876 1.9993967523106038
0.005229499999999876 1.9993966948841502
0.0052344999999998755 1.9993966732736572
0.005239499999999875 1.9993966651412862
0.005244499999999875 1.999396662080947
0.005249499999999875 1.9993966609292932
0.005254499999999875 1.9993966604959077
0.0052594999999998745 1.9993966603328177
0.005264499999999874 1.9993966602714446
0.005269499999999874 1.999396660248349
0.005274499999999874 1.999396660239658
0.005279499999999874 1.9993966602363873
0.0052844999999998735 1.9993966602351567
0.005289499999999873 1.9993966602346929
0.005294499999999873 1.999396660234519
0.005299499999999873 1.9993966602344535
0.005304499999999873 1.999396660234429
0.0053094999999998725 1.9993966602344195
0.005314499999999872 1.9993966602344162
0.005319499999999872 1.9993966602344149
0.005324499999999872 1.9993966602344142
0.005329499999999872 1.9993966602344142
0.0053344999999998715 1.999396660234414
0.005339499999999871 1.999396660234414
0.005344499999999871 1.9993966602344142
0.005349499999999871 1.999396660234414
0.005354499999999871 1.999396660234414
0.0053594999999998704 1.999396660234414
0.00536449999999987 1.9993966602346722
0.00536949999999987 1.9993966602531883
0.00537449999999987 1.9993966605639513
0.00537949999999987 1.9993966616328656
0.005384499999999869 1.9994112540803155
0.005389499999999869 1.999521211086747
0.005394499999999869 1.9996085182765049
0.005399499999999869 1.9996562153649735
0.005404499999999869 1.999678921192337
0.005409499999999868 1.9996893520117578
0.005414499999999868 1.9996941424436885
0.005419499999999868 1.9996963618791535
0.005424499999999868 1.9996973991800164
0.005429499999999868 1.9996978870915234
0.005434499999999867 1.9996981175338042
0.005439499999999867 1.9996982266412782
0.005444499999999867 1.9996982783736987
0.005449499999999867 1.99969830292165
0.005454499999999867 1.9996983145751421
0.005459499999999866 1.9996983201086247
0.005464499999999866 1.9996983227364418
0.005469499999999866 1.9996983239844583
0.005474499999999866 1.999698324577193
0.0054794999999998656 1.9996983248587124
0.005484499999999865 1.9996983249924207
0.005489499999999865 1.9996983250559268
0.005494499999999865 1.9996983250860898
0.005499499999999865 1.9996983251004155
0.0055044999999998645 1.99969832510722
0.005509499999999864 1.9996983251104516
0.005514499999999864 1.9996983251119866
0.005519499999999864 1.9996983251127156
0.005524499999999864 1.999698325113062
0.0055294999999998635 1.9996983251132263
0.005534499999999863 1.9996983251133043
0.005539499999999863 1.9996983251133411
0.005544499999999863 1.9996983251133589
0.005549499999999863 1.9996983251133675
0.0055544999999998625 1.9996983251133713
0.005559499999999862 1.999698325113373
0.005564499999999862 1.9996983251133735
0.005569499999999862 1.9996981022594387
0.005574499999999862 1.9996936420430806
0.0055794999999998615 1.9996774373270712
0.005584499999999861 1.999615427556152
0.005589499999999861 1.9994828090830035
0.005594499999999861 1.9994290802761756
0.005599499999999861 1.9994088606303748
0.0056044999999998605 1.9994012514894197
0.00560949999999986 1.9993983880085189
0.00561449999999986 1.9993973104257952
0.00561949999999986 1.99939690491219
0.00562449999999986 1.9993967523106064
0.0056294999999998594 1.9993966948841517
0.005634499999999859 1.999396673273658
0.005639499999999859 1.9993966651412864
0.005644499999999859 1.999396662080947
0.005649499999999859 1.9993966609292932
0.005654499999999858 1.999396660495908
0.005659499999999858 1.999396660332818
0.005664499999999858 1.9993966602714448
0.005669499999999858 1.9993966602483493
0.005674499999999858 1.999396660239658
0.005679499999999857 1.999396660236387
0.005684499999999857 1.9993966602351565
0.005689499999999857 1.9993966602346933
0.005694499999999857 1.9993966602345192
0.005699499999999857 1.9993966602344533
0.005704499999999856 1.9993966602344286
0.005709499999999856 1.9993966602344195
0.005714499999999856 1.9993966602344158
0.005719499999999856 1.9993966602344144
0.005724499999999856 1.9993966602344142
0.005729499999999855 1.9993966602344142
0.005734499999999855 1.999396660234414
0.005739499999999855 1.999396660234414
0.005744499999999855 1.9993966602344138
0.0057494999999998546 1.9993966602344138
0.005754499999999854 1.9993966602344138
0.005759499999999854 1.9993966602344133
0.005764499999999854 1.9993966602346716
0.005769499999999854 1.9993966602531879
0.0057744999999998535 1.999396660563951
0.005779499999999853 1.9993966616328656
0.005784499999999853 1.999411254082677
0.005789499999999853 1.9995212110886746
0.005794499999999853 1.999608518277536
0.0057994999999998525 1.9996562153418564
0.005804499999999852 1.9996789210856283
0.005809499999999852 1.9996893519196175
0.005814499999999852 1.9996941423885801
0.005819499999999852 1.99969636185024
0.0058244999999998515 1.9996973991619535
0.005829499999999851 1.9996978870791255
0.005834499999999851 1.9996981175254656
0.005839499999999851 1.9996982266359598
0.005844499999999851 1.999698278370472
0.0058494999999998505 1.9996983029197695
0.00585449999999985 1.99969831457408
0.00585949999999985 1.999698320108039
0.00586449999999985 1.9996983227361242
0.00586949999999985 1.999698323984289
0.0058744999999998495 1.9996983245771036
0.005879499999999849 1.9996983248586657
0.005884499999999849 1.999698324992397
0.005889499999999849 1.9996983250559144
0.005894499999999849 1.9996983250860827
0.0058994999999998484 1.9996983251004126
0.005904499999999848 1.9996983251072178
0.005909499999999848 1.9996983251104508
0.005914499999999848 1.999698325111986
0.005919499999999848 1.9996983251127152
0.005924499999999847 1.9996983251130616
0.005929499999999847 1.9996983251132265
0.005934499999999847 1.9996983251133045
0.005939499999999847 1.9996983251133416
0.005944499999999847 1.9996983251133593
0.005949499999999846 1.9996983251133675
0.005954499999999846 1.9996983251133713
0.005959499999999846 1.9996983251133729
0.005964499999999846 1.9996983251133742
0.005969499999999846 1.9996981022564044
0.005974499999999845 1.9996936419835996
0.005979499999999845 1.999677437060374
0.005984499999999845 1.9996154253058123
0.005989499999999845 1.9994789868748546
0.005994499999999845 1.999427641421493
0.005999499999999844 1.9994083189944343
0.006004499999999844 1.9994010476141308
0.006009499999999844 1.9993983112735265
0.006014499999999844 1.9993972815455268
0.0060194999999998436 1.9993968940429112
0.006024499999999843 1.999396748219497
0.006029499999999843 1.9993966933438674
0.006034499999999843 1.9993966726933103
0.006039499999999843 1.9993966649221824
0.0060444999999998425 1.9993966619977854
0.006049499999999842 1.99939666089729
0.006054499999999842 1.9993966604831557
0.006059499999999842 1.9993966603273103
0.006064499999999842 1.9993966602686633
0.0060694999999998415 1.9993966602465933
0.006074499999999841 1.999396660238288
0.006079499999999841 1.9993966602351627
0.006084499999999841 1.9993966602339868
0.006089499999999841 1.9993966602335442
0.0060944999999998405 1.999396660233378
0.00609949999999984 1.999396660233315
0.00610449999999984 1.9993966602332918
0.00610949999999984 1.9993966602332827
0.00611449999999984 1.999396660233279
0.0061194999999998395 1.9993966602332778
0.006124499999999839 1.9993966602332771
0.006129499999999839 1.9993966602332771
0.006134499999999839 1.9993966602332771
0.006139499999999839 1.9993966602332771
0.0061444999999998385 1.9993966602332771
0.006149499999999838 1.9993966602332773
0.006154499999999838 1.9993966602332771
0.006159499999999838 1.9993966602332771
0.006164499999999838 1.9993966602333098
0.0061694999999998374 1.9993966602333713
0.006174499999999837 1.9993966602334587
0.006179499999999837 1.9993966602335769
0.006184499999999837 1.9993963132677164
0.006189499999999837 1.9993546178128527
0.006194499999999836 1.960799043804489
0.006199499999999836 1.6254048268033796
0.006204499999999836 1.2302280045010467
0.006209499999999836 0.8823214844605953
0.006214499999999836 0.6103084124304995
0.006219499999999835 0.4120143037886578
0.006224499999999835 0.27366544860657727
0.006229499999999835 0.17982541563383705
0.006234499999999835 0.11732939203699504
0.006239499999999835 0.07619970414687134
0.006244499999999834 0.04933932973635267
0.006249499999999834 0.03188500453033785
0.006254499999999834 0.020579375634495297
0.006259499999999834 0.013271633234874647
0.006264499999999834 0.008554379076338098
0.006269499999999833 0.005511954057508228
0.006274499999999833 0.0035508141554036966
0.006279499999999833 0.0022871216089338296
0.006284499999999833 0.0014730288541195038
0.0062894999999998326 0.0009486541858989635
0.006294499999999832 0.0006109255544390969
0.006299499999999832 0.00039342155705284843
0.006304499999999832 0.00025335019933627975
0.006309499999999832 0.00016314733804857436
0.0063144999999998315 0.00010505964501696205
0.006319499999999831 6.765346734015813e-05
0.006324499999999831 4.356553255401851e-05
0.006329499999999831 2.8054029277049802e-05
0.006334499999999831 1.8065375045050785e-05
0.0063394999999998305 1.1633178924150974e-05
0.00634449999999983 7.4911696669181755e-06
0.00634949999999983 4.8239270368813335e-06
0.00635449999999983 3.106359707264659e-06
0.00635949999999983 2.0003348663219337e-06
0.0063644999999998295 1.2881120146237017e-06
0.006369499999999829 8.294767269364543e-07
0.006374499999999829 5.341384819288465e-07
0.006379499999999829 3.439561425575884e-07
0.006384499999999829 2.2148966574313026e-07
0.0063894999999998285 1.426288861271523e-07
0.006394499999999828 9.184652205234643e-08
0.006399499999999828 5.914501576457915e-08
0.0064 3.808673475973825e-08
